1 1 192.5
1 5 320.75
1 9 530.25
1 13 682.25
1 17 935.25
1 21 1186.75
1 25 1427
1 29 1657.75
1 33 1945.25
1 37 2182.75
1 41 2424
1 45 2704
1 49 3089
1 53 3540
1 57 3647.5
1 61 3728.5
1 65 4473
1 69 4320
9 1 196.5
9 5 375.75
9 9 573
9 13 797.25
9 17 1045
9 21 1289
9 25 1537.75
9 29 1835
9 33 2062
9 37 2524.5
9 41 2638.25
9 45 2993.5
9 49 3304.75
9 53 4019.5
9 57 3846
9 61 4252.5
9 65 4472.5
9 69 4688.5
17 1 201
17 5 391.5
17 9 655.75
17 13 854.75
17 17 1117.25
17 21 1506.5
17 25 1684.5
17 29 1997.75
17 33 2290
17 37 2600
17 41 2860.5
17 45 3397
17 49 3505
17 53 4176
17 57 4092
17 61 4540.5
17 65 4739
17 69 5029.5
25 1 233.5
25 5 402.75
25 9 731.75
25 13 971.75
25 17 1191.25
25 21 1555
25 25 1896.75
25 29 2141.5
25 33 2608.5
25 37 2796.25
25 41 3257
25 45 3568.5
25 49 3745.25
25 53 4470.5
25 57 4479
25 61 4725.5
25 65 5116.5
25 69 5455.5
33 1 218.75
33 5 417
33 9 770.75
33 13 967
33 17 1340.75
33 21 1737.25
33 25 2009
33 29 2340
33 33 2789.5
33 37 2923.25
33 41 3554.75
33 45 3801.75
33 49 4072.25
33 53 4796.5
33 57 4823.5
33 61 5133.5
33 65 5336
33 69 5900.5
41 1 245
41 5 486.75
41 9 775.75
41 13 1141.5
41 17 1460.5
41 21 1899
41 25 2159.75
41 29 2583.75
41 33 2925.5
41 37 3210.75
41 41 3937
41 45 4028.5
41 49 4086.75
41 53 4983.5
41 57 4962
41 61 5513
41 65 5865.5
41 69 6294
49 1 224.25
49 5 559.75
49 9 878.75
49 13 1192.75
49 17 1548.75
49 21 1908
49 25 2276.25
49 29 2796
49 33 3058
49 37 3332.5
49 41 4033.5
49 45 4169.75
49 49 4431
49 53 5165.5
49 57 5345
49 61 5950.5
49 65 6086.5
49 69 6752.5
57 1 270
57 5 692.75
57 9 914.75
57 13 1338.25
57 17 1726.5
57 21 2063.5
57 25 2435.5
57 29 2905
57 33 3153
57 37 3838.5
57 41 4188.25
57 45 4275.75
57 49 4647.25
57 53 5338
57 57 6021
57 61 6078.5
57 65 6719
57 69 7123
65 1 270.75
65 5 693.25
65 9 1036.5
65 13 1486.75
65 17 1816.5
65 21 2160.5
65 25 2593.5
65 29 3060
65 33 3333.5
65 37 4218.25
65 41 4355
65 45 4573
65 49 5463
65 53 5655.5
65 57 6208
65 61 6738
65 65 7522
65 69 7756
73 1 244.25
73 5 646
73 9 1117.75
73 13 1514.75
73 17 2033.25
73 21 2248.25
73 25 2915.5
73 29 3184
73 33 3531.5
73 37 4251.75
73 41 4499.5
73 45 4798.75
73 49 5416.5
73 53 6377
73 57 6520
73 61 6916
73 65 8000.5
73 69 8200.5
81 1 258.5
81 5 631.5
81 9 1176
81 13 1665.75
81 17 2117.5
81 21 2432.5
81 25 3025.5
81 29 3243.5
81 33 4187.25
81 37 4344.25
81 41 4679.25
81 45 5088.25
81 49 6263
81 53 6401
81 57 7009.5
81 61 7267
81 65 8101.5
81 69 8491.5
89 1 265
89 5 674.25
89 9 1177.75
89 13 1740.5
89 17 2197
89 21 2558.25
89 25 3146.25
89 29 3324.75
89 33 4288
89 37 4481
89 41 5511
89 45 6038
89 49 6048.5
89 53 6971
89 57 7068
89 61 7949
89 65 8321
89 69 8764
97 1 279.25
97 5 755.25
97 9 1170.25
97 13 1667
97 17 2285.5
97 21 2861.75
97 25 3226.75
97 29 4215
97 33 4306.5
97 37 4705
97 41 5796
97 45 6069
97 49 6174
97 53 7213
97 57 7474.5
97 61 8081.5
97 65 8968
97 69 9108
105 1 305.5
105 5 762.75
105 9 1173.5
105 13 1833.25
105 17 2308.5
105 21 3019.75
105 25 3336
105 29 4308.5
105 33 4425
105 37 4918
105 41 6313.5
105 45 6652
105 49 7056
105 53 7406
105 57 7746.5
105 61 8514.5
105 65 9156.5
105 69 9193
113 1 335.75
113 5 812.75
113 9 1228
113 13 1874
113 17 2316.5
113 21 3261.5
113 25 3382.5
113 29 4561.5
113 33 4646
113 37 4849
113 41 6593.5
113 45 6592.5
113 49 7339.5
113 53 7654
113 57 7910
113 61 9354.5
113 65 9382
113 69 10550.5
121 1 291.75
121 5 841.5
121 9 1497
121 13 2141.5
121 17 2633
121 21 3379.5
121 25 3888
121 29 4695.5
121 33 4820
121 37 5644
121 41 6841.5
121 45 6953
121 49 8058
121 53 7992.5
121 57 8773
121 61 9805
121 65 9591
121 69 11254.5
129 1 274.5
129 5 783
129 9 1608.5
129 13 2330.5
129 17 2983.5
129 21 3023
129 25 4347.5
129 29 4595.5
129 33 4922
129 37 6205.5
129 41 6305
129 45 7401.5
129 49 8203.5
129 53 8270.5
129 57 9117.5
129 61 10363.5
129 65 10405.5
129 69 11102
137 1 307
137 5 773.5
137 9 1702.5
137 13 1936.5
137 17 3259.5
137 21 3398.5
137 25 4536.5
137 29 5102
137 33 5241.5
137 37 6440.5
137 41 7371.5
137 45 7348.5
137 49 8583
137 53 8574.5
137 57 9386.5
137 61 10641
137 65 10986
137 69 11848
145 1 326
145 5 757.5
145 9 1724.5
145 13 2102.5
145 17 3431
145 21 3937.5
145 25 4369
145 29 5253.5
145 33 5321.5
145 37 6811.5
145 41 7502.5
145 45 7727.5
145 49 8663
145 53 8951
145 57 9971.5
145 61 10777.5
145 65 11275.5
145 69 11888
153 1 319
153 5 881
153 9 1788.5
153 13 2185
153 17 3593
153 21 3526
153 25 4760
153 29 5296
153 33 5509.5
153 37 7114.5
153 41 7820.5
153 45 8149
153 49 9184.5
153 53 9067.5
153 57 10887
153 61 11288.5
153 65 11528
153 69 12708.5
