0 614 0.115907 0.275239 0.001000 0.012000 0.025000 0.061000 2.191000
1 829 0.192128 0.386030 0.000000 0.002000 0.096000 0.147000 3.428000
2 431 0.154522 0.309335 0.000000 0.002000 0.103000 0.179000 3.321000
3 339 0.179634 0.336147 0.000000 0.002000 0.117000 0.232000 3.388000
4 334 0.222754 0.434253 0.000000 0.002000 0.117000 0.284000 4.721000
5 256 0.247266 0.387226 0.000000 0.003000 0.138000 0.361000 3.931000
6 286 0.260157 0.360192 0.000000 0.003000 0.161000 0.407000 3.873000
7 262 0.343718 0.464231 0.000000 0.099000 0.240000 0.476000 4.416000
8 227 0.340088 0.441230 0.000000 0.110000 0.235000 0.463000 4.172000
9 243 0.346370 0.316748 0.000000 0.111000 0.259000 0.547000 2.147000
10 200 0.380705 0.313644 0.000000 0.116000 0.336000 0.560000 1.344000
11 203 0.468655 0.425279 0.000000 0.115000 0.401000 0.679000 2.747000
12 177 0.501757 0.477352 0.000000 0.140000 0.412000 0.724000 3.438000
13 177 0.599508 0.483846 0.001000 0.220000 0.435000 0.965000 2.343000
14 200 0.638170 0.563242 0.000000 0.214000 0.487000 1.060000 3.293000
15 172 0.731180 0.538012 0.000000 0.310000 0.682000 1.098000 2.283000
16 157 0.820637 0.658388 0.000000 0.310000 0.700000 1.172000 3.599000
17 162 0.752309 0.625787 0.001000 0.244000 0.639000 1.096000 3.942000
18 134 0.886724 0.660501 0.000000 0.328000 0.766000 1.312000 2.673000
19 134 0.861060 0.733445 0.000000 0.288000 0.700000 1.272000 4.627000
20 132 0.841364 0.627980 0.002000 0.341000 0.715000 1.181000 2.905000
21 136 0.888985 0.664110 0.003000 0.339000 0.715000 1.374000 2.513000
22 114 1.010509 0.663383 0.001000 0.434000 0.967000 1.484000 2.951000
23 94 1.089883 0.685644 0.002000 0.523000 1.024000 1.669000 2.530000
24 100 1.162320 0.709053 0.001000 0.555000 1.182000 1.626000 2.994000
25 91 1.106330 0.715117 0.002000 0.612000 1.013000 1.689000 2.963000
26 88 1.318114 0.843701 0.001000 0.655000 1.285000 1.943000 3.666000
27 72 1.155653 0.792664 0.001000 0.565000 1.052000 1.643000 3.861000
28 60 1.396417 0.852414 0.099000 0.644000 1.254000 2.062000 3.361000
29 64 1.202750 0.854700 0.001000 0.472000 0.998000 1.883000 3.450000
30 52 1.414538 0.815800 0.002000 0.788000 1.317000 1.870000 3.486000
31 57 1.312982 0.898634 0.009000 0.562000 1.204000 1.769000 3.814000
32 40 1.546650 0.917261 0.093000 0.800000 1.595000 2.206000 3.302000
33 33 1.357576 0.844870 0.001000 0.801000 1.180000 1.881000 2.912000
34 39 1.677590 0.887881 0.307000 0.974000 1.551000 2.166000 3.771000
35 29 1.741931 0.926176 0.203000 0.695000 1.973000 2.397000 3.520000
36 25 1.599240 0.852042 0.220000 0.954000 1.490000 2.054000 3.481000
37 28 1.627429 0.785871 0.119000 0.936000 1.873000 2.204000 3.037000
38 17 1.783000 1.073700 0.103000 0.980000 1.232000 2.747000 3.536000
39 17 1.710176 0.848857 0.006000 1.200000 1.720000 2.066000 3.375000
40 18 1.808833 1.557407 0.002000 0.768000 2.015000 2.202000 7.130000
41 13 1.631462 0.915144 0.489000 1.096000 1.492000 1.990000 3.976000
42 14 1.996286 1.242092 0.118000 1.391000 1.564000 2.337000 5.547000
43 10 1.966800 0.693906 0.937000 1.586000 2.028000 2.233000 3.243000
44 8 2.307000 1.167144 0.619000 1.785000 2.018000 3.905000 4.442000
45 13 2.218308 1.278562 0.217000 1.364000 1.710000 3.158000 4.670000
46 7 1.755429 0.853502 0.440000 1.275000 1.571000 2.655000 3.203000
47 6 1.623167 0.857051 0.283000 0.932000 1.809000 2.502000 2.762000
48 4 1.859750 0.702586 1.237000 1.567000 1.582000 3.053000 3.053000
49 11 2.330818 1.187505 0.581000 1.195000 2.370000 3.362000 4.602000
50 9 2.393556 1.015346 1.266000 1.635000 2.009000 3.116000 4.241000
51 4 1.526500 1.177672 0.448000 0.461000 1.909000 3.288000 3.288000
52 6 1.768333 0.944091 0.332000 1.370000 1.570000 2.904000 3.052000
53 5 2.044800 0.720633 0.645000 2.135000 2.292000 2.534000 2.618000
54 2 2.041000 1.293000 0.748000 0.748000 3.334000 3.334000 3.334000
55 2 2.092000 1.244000 0.848000 0.848000 3.336000 3.336000 3.336000
56 1 1.786000 0.000000 1.786000 1.786000 1.786000 1.786000 1.786000
57 1 0.311000 0.000000 0.311000 0.311000 0.311000 0.311000 0.311000
58 1 2.082000 0.000000 2.082000 2.082000 2.082000 2.082000 2.082000
59 1 4.055000 0.000000 4.055000 4.055000 4.055000 4.055000 4.055000
61 2 1.134500 0.420500 0.714000 0.714000 1.555000 1.555000 1.555000
62 1 2.357000 0.000000 2.357000 2.357000 2.357000 2.357000 2.357000
63 1 3.157000 0.000000 3.157000 3.157000 3.157000 3.157000 3.157000
70 1 0.706000 0.000000 0.706000 0.706000 0.706000 0.706000 0.706000
