1 1 618
1 2 1316
1 3 1254
1 4 1574
1 5 1663
1 6 1497
1 7 2675
1 8 2302
1 9 1766
1 10 3206
1 11 2090
1 12 2882
1 13 2079
1 14 1658
1 15 1675
1 16 1570
1 17 2324
1 18 1962
1 19 2406
1 20 3375
1 21 1742
1 22 2825
1 23 3619
1 24 2804
1 25 2854
1 26 2929
1 27 2668
1 28 3875
1 29 3297
1 30 2875
1 31 2929
1 32 3050
1 33 3335
1 34 3058
1 37 4213
1 38 4472
1 39 3806
1 41 3446
1 42 4800
1 43 4363
1 45 3528
1 46 3046
1 47 5555
1 48 3524
1 49 2838
1 50 3883
1 51 3019
1 52 3804
1 53 4541
1 55 4601
1 56 5138
1 57 4785
1 59 4076
1 60 4269
1 61 8689
1 67 4433
1 69 4544
1 71 5432
1 73 4703
1 75 5846
1 76 5287
1 77 4261
1 78 4911
1 79 6834
1 80 8281
1 81 4940
1 82 5583
1 83 5073
1 84 6654
1 86 4690
1 88 4748
1 89 7965
1 91 5883
1 95 7015
1 96 6586
1 97 6020
1 99 9364
1 100 6729
1 101 7707
1 102 7456
1 104 6585
1 109 6922
1 110 6147
1 111 6359
1 112 6685
1 114 6417
1 115 5178
1 119 5280
1 121 7862
1 122 5962
1 123 6571
1 124 8392
1 125 5905
1 128 8064
1 132 7237
1 133 5889
1 135 6410
1 137 5981
1 139 5870
1 140 6181
1 141 7208
1 142 7505
1 143 7457
1 146 6625
1 148 6323
1 149 6420
1 152 8527
1 153 8334
1 154 6393
1 155 7457
1 156 7000
1 160 8149
1 162 8174
1 165 8534
1 166 8204
1 169 8135
1 170 7628
1 172 7552
1 173 7499
1 174 8680
1 175 8294
1 177 8376
1 182 6547
1 183 9800
1 184 7081
1 187 8478
1 188 10053
1 189 7722
1 192 9084
1 194 7991
1 195 8382
1 199 8828
1 201 9767
1 212 9335
1 213 11375
1 243 10753
1 289 12315
1 427 14972
1 483 19994
2 0 8
2 1 84
2 2 169
2 3 378
2 4 178
2 5 189
2 8 237
2 10 295
2 11 722
2 18 508
2 27 701
2 51 3443
3 0 1
3 1 147
3 2 104
3 3 215
3 4 120
3 5 382
3 6 187
3 7 244
3 8 266
3 10 317
3 11 278
3 12 874
3 13 949
3 15 409
3 18 1168
3 27 544
3 30 5253
3 32 891
3 34 1339
4 1 111
4 2 156
4 3 106
4 4 152
4 5 149
4 6 198
4 7 236
4 8 367
4 9 318
4 10 278
4 12 416
4 15 388
4 16 434
4 17 372
4 18 505
4 20 495
4 26 617
4 39 2025
4 42 1796
4 90 4889
5 1 56
5 2 118
5 3 176
5 4 133
5 5 277
5 6 181
5 9 247
5 10 676
5 11 336
5 12 415
5 14 381
5 16 503
5 19 735
5 21 476
5 24 538
5 26 5527
5 27 714
5 30 1064
5 35 833
5 65 1374
6 0 0
6 1 49
6 2 237
6 3 217
6 4 204
6 5 92
6 6 167
6 7 242
6 8 483
6 10 275
6 13 352
6 14 395
6 15 370
6 17 452
6 20 545
6 22 566
6 34 686
7 1 68
7 2 203
7 3 99
7 4 112
7 6 379
7 7 229
7 8 216
7 9 503
7 10 294
7 14 398
7 16 574
7 17 733
7 19 568
7 21 459
8 0 1
8 1 47
8 2 104
8 3 86
8 5 136
8 6 236
8 8 210
8 9 238
8 10 242
8 11 509
8 12 248
8 13 344
8 14 413
8 17 458
8 18 734
8 20 523
8 28 602
8 39 954
8 53 3947
9 1 51
9 2 220
9 3 97
9 4 113
9 5 208
9 7 170
9 8 230
9 9 243
9 16 481
9 17 856
9 19 1929
9 21 516
9 23 965
9 32 3053
9 85 1808
9 92 1759
10 1 74
10 2 1173
10 3 80
10 4 92
10 5 639
10 6 193
10 7 450
10 8 375
10 9 359
10 10 252
10 12 466
10 14 408
10 16 449
10 17 392
10 18 798
10 21 431
10 22 1251
10 35 2945
10 113 2048
11 1 51
11 2 62
11 3 102
11 4 108
11 5 438
11 6 173
11 7 219
11 8 232
11 11 1276
11 12 452
11 14 271
11 18 465
11 19 455
11 20 465
11 37 882
11 101 2295
12 1 38
12 2 177
12 3 380
12 4 132
12 5 122
12 6 222
12 8 207
12 9 242
12 21 551
12 23 619
12 37 841
13 1 54
13 2 59
13 3 88
13 4 104
13 5 143
13 6 412
13 7 167
13 8 200
13 9 224
13 10 241
13 11 279
13 13 390
13 16 490
13 18 492
13 28 685
13 32 861
13 33 769
13 47 930
13 168 3611
14 1 61
14 2 66
14 3 99
14 4 97
14 5 201
14 6 176
14 7 180
14 10 250
14 11 318
14 12 305
14 13 311
14 16 428
14 17 386
14 30 671
14 38 845
14 146 2823
15 1 42
15 2 343
15 3 705
15 4 130
15 5 141
15 6 304
15 7 182
15 8 388
15 10 505
15 11 726
15 15 396
15 17 508
15 18 466
15 19 500
15 22 543
15 23 502
15 34 1317
15 43 878
15 66 1270
15 133 9505
16 1 35
16 2 73
16 3 93
16 4 138
16 5 532
16 6 167
16 7 196
16 10 228
16 12 310
16 13 430
16 16 378
16 18 440
16 31 891
16 37 908
16 42 960
16 63 1480
17 1 41
17 2 92
17 3 81
17 4 109
17 6 471
17 9 237
17 10 396
17 13 298
17 14 1697
17 15 2161
17 22 644
17 24 592
17 34 903
17 72 1358
17 78 2850
17 109 4022
18 1 30
18 2 46
18 3 86
18 4 815
18 5 137
18 6 206
18 7 859
18 8 884
18 9 240
18 10 218
18 11 246
18 13 301
18 19 489
18 28 2377
18 35 797
18 42 1005
18 63 1358
18 69 4959
18 122 5902
19 1 66
19 3 93
19 4 523
19 6 607
19 7 432
19 13 382
19 17 1776
19 18 457
19 20 453
19 22 458
19 27 658
19 44 960
19 54 1101
19 120 6269
20 1 30
20 2 62
20 3 102
20 6 155
20 8 222
20 9 186
20 10 237
20 15 728
20 17 380
20 23 576
20 25 502
20 26 578
20 28 598
20 32 601
20 35 870
20 49 1393
20 59 3687
20 84 3477
20 100 3458
20 122 4949
21 1 40
21 2 57
21 3 372
21 4 95
21 5 117
21 7 156
21 8 474
21 9 204
21 10 342
21 12 314
21 13 1340
21 14 360
21 21 391
21 23 536
21 36 873
21 40 2043
21 41 2050
21 82 3233
22 1 32
22 2 411
22 6 202
22 7 173
22 8 191
22 9 331
22 11 265
22 12 269
22 14 326
23 0 15
23 1 27
23 2 50
23 3 159
23 5 113
23 6 206
23 7 178
23 8 178
23 10 339
23 12 299
23 14 303
23 16 417
23 22 505
23 27 608
23 38 769
23 110 4540
23 130 7880
24 0 4
24 1 134
24 2 235
24 4 204
24 5 174
24 8 617
24 9 188
24 11 257
24 17 449
24 18 382
24 21 515
24 22 1015
24 24 531
24 32 804
24 51 1211
24 57 1148
24 155 6088
25 1 142
25 2 50
25 3 76
25 7 1148
25 16 369
25 17 328
25 23 514
25 24 470
25 26 1360
25 49 1256
25 54 1004
26 1 91
26 2 66
26 3 76
26 4 142
26 5 256
26 6 143
26 8 219
26 9 236
26 11 1211
26 13 293
26 14 372
26 29 628
26 31 726
26 37 3862
26 39 977
26 40 911
26 46 941
26 47 938
26 48 1007
26 50 1467
27 1 38
27 2 46
27 3 717
27 4 87
27 5 171
27 6 139
27 7 169
27 8 207
27 11 342
27 15 342
27 22 444
27 40 872
28 1 41
28 2 113
28 4 110
28 6 174
28 7 160
28 13 362
28 14 448
28 16 408
28 18 375
28 20 959
28 21 447
28 29 1024
28 33 720
28 38 771
28 44 961
28 49 1103
28 90 1697
29 1 54
29 3 72
29 6 143
29 9 186
29 10 221
29 11 284
29 15 417
29 17 401
29 20 444
29 26 828
29 28 2180
29 45 1032
29 74 1690
29 114 2156
30 1 45
30 2 54
30 3 313
30 4 107
30 5 124
30 6 146
30 7 144
30 8 238
30 15 426
30 18 379
30 20 652
30 27 552
30 29 573
30 30 630
30 43 1006
30 63 3409
30 141 4881
31 1 157
31 2 42
31 3 75
31 4 94
31 5 122
31 6 122
31 7 139
31 9 226
31 10 237
31 13 340
31 15 298
31 17 389
31 21 452
31 23 566
31 26 526
31 30 637
31 31 627
31 58 1147
31 70 1264
32 1 43
32 2 33
32 3 72
32 4 103
32 7 178
32 9 196
32 10 236
32 11 448
32 12 1299
32 13 332
32 14 1080
32 15 334
32 17 427
32 25 2243
32 27 1839
32 39 812
32 41 933
32 45 862
32 53 1070
32 61 1534
32 143 6786
33 1 35
33 2 72
33 3 73
33 4 99
33 5 112
33 7 154
33 10 216
33 12 284
33 16 551
33 38 920
33 52 1158
33 62 1227
33 70 2761
33 95 2826
33 145 8102
33 173 9412
34 1 51
34 2 145
34 5 139
34 6 103
34 9 240
34 12 254
34 13 355
34 14 477
34 16 359
34 21 1243
34 24 644
34 28 1336
34 30 671
34 31 694
34 33 950
34 54 1260
34 128 6807
35 1 23
35 4 119
35 6 1188
35 8 355
35 10 225
35 13 352
35 14 508
35 15 280
35 17 371
35 20 483
35 21 417
35 26 520
35 33 709
35 36 708
35 43 830
35 47 1158
35 51 980
35 56 1382
35 61 3852
35 75 1713
36 1 31
36 4 510
36 5 326
36 6 153
36 9 188
36 16 362
36 17 351
36 18 369
36 25 632
36 31 688
36 65 1366
37 1 29
37 4 122
37 6 155
37 10 566
37 12 290
37 16 1076
37 24 484
37 25 1710
37 77 4512
37 97 2898
38 0 5
38 1 18
38 2 46
38 4 117
38 5 540
38 6 141
38 10 224
38 15 529
38 19 420
38 21 401
38 33 1130
38 41 987
38 157 6244
39 0 7
39 1 40
39 2 62
39 3 118
39 4 81
39 6 406
39 11 224
39 14 291
39 15 360
39 62 1237
39 70 2880
40 1 17
40 2 58
40 3 91
40 5 117
40 9 239
40 12 250
40 13 270
40 21 479
40 27 560
40 28 557
40 38 925
40 61 3182
41 1 118
41 2 1455
41 4 89
41 5 108
41 6 246
41 7 174
41 10 205
41 11 260
41 14 341
41 24 503
41 37 814
41 50 1027
41 91 3922
41 163 7931
42 1 27
42 3 70
42 5 109
42 7 172
42 11 248
42 12 469
42 14 277
42 20 504
42 27 548
42 30 620
42 37 704
42 43 972
43 1 34
43 3 265
43 5 121
43 6 507
43 7 179
43 10 416
43 12 281
43 14 283
43 15 720
43 17 396
43 18 406
43 24 552
43 34 763
43 44 858
43 51 1747
44 1 29
44 2 39
44 3 94
44 6 256
44 10 227
44 11 238
44 15 328
44 23 557
44 35 923
44 41 1745
44 87 6309
45 1 54
45 2 169
45 4 68
45 5 1248
45 6 156
45 10 251
45 12 265
45 14 323
45 15 360
45 17 400
45 18 370
45 23 464
45 34 786
45 44 2078
45 56 903
45 177 9285
46 0 9
46 1 30
46 3 144
46 4 162
46 7 181
46 9 226
46 11 275
46 12 257
46 14 315
46 15 681
46 17 412
46 20 994
46 25 545
46 35 737
46 110 2228
46 142 5296
47 1 26
47 2 74
47 4 114
47 5 106
47 6 118
47 11 213
47 22 467
47 24 486
47 25 554
47 31 739
47 46 979
48 1 46
48 2 490
48 4 100
48 6 126
48 7 158
48 15 312
48 26 532
48 35 890
48 38 835
48 43 926
48 54 1039
48 61 1229
48 93 3724
49 1 37
49 2 115
49 4 169
49 5 511
49 8 1548
49 11 251
49 13 353
49 15 411
49 17 347
49 18 398
49 19 401
49 22 497
49 23 690
49 34 779
49 37 966
49 49 1301
49 75 3583
49 94 2390
49 96 1785
49 172 6016
50 1 32
50 4 106
50 6 1220
50 7 189
50 8 312
50 11 246
50 17 311
50 18 391
50 19 462
50 24 675
50 26 526
50 29 663
50 34 838
51 1 16
51 6 193
51 8 1046
51 11 241
51 12 407
51 13 285
51 16 681
51 28 2491
52 1 26
52 2 368
52 12 509
52 13 283
52 14 281
52 24 764
52 47 858
52 60 1044
52 99 2311
53 0 1125
53 1 58
53 2 51
53 3 101
53 5 660
53 10 541
53 12 272
53 14 321
53 15 396
53 19 461
53 23 497
53 27 658
53 29 699
53 31 668
54 0 11
54 1 35
54 4 88
54 5 153
54 6 136
54 7 248
54 13 291
54 14 350
54 19 431
54 23 461
54 36 753
54 39 889
54 88 2186
55 1 31
55 5 214
55 7 1026
55 8 184
55 12 291
55 17 368
55 18 407
55 24 582
55 26 661
55 27 603
56 1 23
56 6 105
56 7 247
56 11 348
56 15 374
56 18 335
56 82 1447
56 191 7905
57 1 26
57 3 56
57 4 77
57 5 103
57 9 315
57 10 222
57 14 388
57 18 418
57 20 420
57 24 980
57 25 507
57 32 667
57 42 938
57 43 1017
57 47 1313
58 1 37
58 4 78
58 5 464
58 6 105
58 8 186
58 9 194
58 11 295
58 12 274
58 16 376
58 26 579
58 28 838
58 33 769
58 34 752
58 62 1337
58 102 6414
59 1 22
59 4 106
59 7 153
59 8 203
59 15 397
59 21 463
59 33 734
60 0 28
60 1 27
60 6 143
60 8 1901
60 11 262
60 12 320
60 13 385
60 15 324
60 17 345
60 49 1102
60 73 2167
60 118 5395
61 1 35
61 2 47
61 3 295
61 5 161
61 6 108
61 7 144
61 9 228
61 12 860
61 15 315
61 21 584
61 26 636
61 27 740
61 31 766
61 64 1603
62 0 5
62 1 28
62 3 274
62 4 927
62 6 179
62 8 165
62 9 209
62 13 262
62 22 536
62 26 1664
62 27 604
62 28 505
62 38 843
62 45 853
62 47 1208
62 80 2414
62 135 3013
63 1 24
63 2 39
63 3 67
63 5 264
63 6 173
63 9 185
63 10 285
63 19 2043
63 21 513
63 25 456
63 37 829
63 46 1018
63 133 5049
64 1 27
64 2 2436
64 6 164
64 9 196
64 11 265
64 17 375
64 31 803
64 43 916
64 51 3455
65 1 32
65 7 198
65 9 603
65 10 246
65 13 383
65 15 447
65 19 384
65 23 619
65 28 640
66 1 29
66 3 90
66 6 439
66 7 289
66 9 208
66 11 607
66 20 407
66 26 588
66 27 587
66 29 697
66 51 997
66 69 1233
66 134 5736
67 1 37
67 2 57
67 4 1431
67 7 445
67 12 550
67 17 375
67 19 422
67 21 453
67 45 851
67 52 2474
67 58 3126
67 60 2660
68 1 14
68 3 62
68 7 178
68 8 179
68 9 238
68 11 234
68 12 910
68 14 333
68 18 500
68 19 495
68 21 465
68 29 2524
68 33 753
68 47 1193
68 94 4270
68 104 2152
69 1 38
69 4 90
69 6 146
69 8 168
69 11 278
69 18 495
69 19 401
69 25 649
69 34 948
69 141 6880
70 1 46
70 3 72
70 7 267
70 8 159
70 11 235
70 13 307
71 0 15
71 1 21
71 2 50
71 3 425
71 5 126
71 6 464
71 7 191
71 12 261
71 13 322
71 18 2706
71 29 621
71 30 637
71 35 864
71 132 3236
71 145 6428
72 0 22
72 1 29
72 2 49
72 3 77
72 4 80
72 8 112
72 10 234
72 11 286
72 19 432
72 21 574
72 29 1179
72 34 831
72 47 1078
72 48 944
72 83 2222
73 1 38
73 7 160
73 10 234
73 11 284
73 12 581
73 14 330
73 18 934
73 20 412
73 27 716
73 51 1178
73 53 1122
73 82 3693
73 90 2174
73 134 8715
74 1 33
74 2 441
74 3 168
74 4 90
74 5 129
74 7 171
74 11 340
74 13 364
74 17 387
74 20 588
74 31 787
74 52 1237
74 69 1449
74 80 2049
74 140 5589
75 0 1
75 1 41
75 4 112
75 6 417
75 8 552
75 10 247
75 15 382
75 17 505
75 28 680
75 38 887
75 46 2052
76 1 37
76 3 53
76 6 3009
76 7 1415
76 9 267
76 11 334
76 16 312
76 17 451
76 19 519
76 21 552
76 23 506
76 24 455
76 33 751
76 40 884
77 0 43
77 1 27
77 3 112
77 4 103
77 6 256
77 8 177
77 12 227
77 14 350
77 18 405
77 19 395
77 22 526
77 25 651
77 26 665
77 27 534
77 31 618
77 32 908
77 112 5956
78 0 21
78 1 42
78 5 153
78 8 182
78 10 223
78 14 345
78 19 540
78 23 548
78 29 661
78 58 1440
79 1 45
79 3 58
79 4 135
79 6 144
79 7 156
79 8 155
79 10 191
79 13 327
79 17 673
79 19 466
79 26 706
79 27 560
79 31 900
79 41 920
80 1 32
80 4 79
80 5 432
80 7 251
80 10 1036
80 11 261
80 15 354
80 16 576
80 19 417
80 22 517
80 25 667
80 31 704
80 32 768
80 90 2847
81 0 14
81 1 33
81 2 81
81 3 89
81 9 194
81 10 214
81 11 242
81 13 342
81 16 270
81 17 463
81 23 1020
81 26 588
81 28 791
81 35 1023
82 1 31
82 2 55
82 4 122
82 11 473
82 12 329
82 14 281
82 23 587
82 27 734
82 30 785
82 32 918
82 64 1419
83 1 24
83 2 54
83 3 81
83 4 97
83 5 184
83 6 240
83 8 576
83 9 218
83 10 1058
83 12 829
83 15 1395
83 16 446
83 30 1067
83 35 887
83 59 3147
83 102 3466
84 0 7
84 1 25
84 7 160
84 8 162
84 9 185
84 12 711
84 14 476
84 19 480
84 20 489
84 21 564
84 27 666
84 29 709
84 30 572
84 42 798
84 108 4415
84 186 7168
85 1 39
85 2 67
85 3 110
85 6 344
85 7 236
85 11 318
85 12 316
85 13 311
85 15 693
85 16 604
85 19 393
85 20 525
85 21 566
85 22 468
85 77 1592
86 0 10
86 1 42
86 2 33
86 5 150
86 6 182
86 10 362
86 11 283
86 12 284
86 15 302
86 19 452
86 21 568
86 24 535
86 25 566
86 29 637
86 39 1092
86 46 865
86 49 918
87 0 6
87 1 29
87 4 91
87 5 144
87 6 150
87 9 198
87 11 1062
87 13 264
87 14 277
87 17 377
87 19 1151
87 30 711
87 32 907
87 35 1023
87 91 2083
87 204 7896
87 267 8943
88 1 33
88 2 78
88 3 109
88 6 223
88 15 881
88 16 362
88 33 786
88 39 879
89 1 35
89 2 46
89 3 94
89 4 127
89 5 153
89 28 798
89 43 1021
89 46 4296
89 75 1729
90 1 103
90 4 81
90 6 196
90 7 228
90 12 277
90 13 299
90 14 598
90 30 1153
90 69 3105
91 0 4
91 1 265
91 3 59
91 6 103
91 7 195
91 10 274
91 11 251
91 12 845
91 14 332
91 16 1078
91 20 741
91 23 814
91 28 613
92 0 10
92 1 95
92 2 42
92 3 65
92 4 319
92 7 252
92 8 202
92 9 250
92 11 279
92 13 260
92 14 298
92 19 433
92 20 517
92 33 1486
92 43 908
92 46 1101
92 55 1168
92 118 4416
92 165 7779
92 199 8684
92 295 9877
93 0 3
93 1 22
93 3 73
93 4 85
93 5 116
93 6 168
93 7 167
93 8 168
93 9 233
93 10 294
93 11 357
93 14 1426
93 22 494
93 24 542
93 28 608
93 31 1007
94 1 12
94 2 55
94 4 153
94 7 159
94 8 535
94 9 509
94 13 3148
94 17 693
94 23 448
94 28 523
94 29 558
94 38 1021
95 0 2
95 1 48
95 2 82
95 3 83
95 5 622
95 8 225
95 14 424
95 15 381
95 144 7830
96 0 26
96 1 39
96 4 744
96 6 447
96 8 198
96 9 235
96 10 290
96 16 314
96 18 397
96 19 400
96 24 535
96 26 539
96 40 4199
96 45 1320
97 0 37
97 1 38
97 3 110
97 4 622
97 5 973
97 7 161
97 9 387
97 10 356
97 13 333
97 16 538
97 19 347
97 21 2805
97 26 498
97 29 637
97 42 1546
97 43 1064
97 92 2009
98 1 38
98 4 109
98 5 123
98 6 131
98 8 190
98 9 2034
98 10 280
98 11 264
98 12 347
98 13 617
98 14 269
98 17 420
98 18 372
98 21 470
98 25 629
98 100 5977
99 1 29
99 2 76
99 6 474
99 8 646
99 12 301
99 19 661
99 120 3193
100 1 35
100 2 93
100 4 160
100 9 171
100 10 525
100 11 235
100 14 315
100 15 346
100 16 432
100 22 537
100 24 544
100 32 1991
100 35 750
100 43 1101
100 49 2174
101 0 31
101 1 38
101 2 91
101 3 194
101 6 125
101 8 183
101 10 337
101 13 336
101 14 510
101 19 481
101 20 398
101 24 540
101 34 2182
101 35 921
101 41 777
101 55 1007
101 58 1327
102 1 28
102 3 78
102 5 144
102 7 293
102 8 200
102 12 327
102 14 341
102 17 348
102 20 489
102 25 577
102 103 5070
103 0 24
103 1 16
103 3 124
103 4 257
103 5 166
103 7 187
103 8 630
103 10 1590
103 13 251
103 14 302
103 15 740
103 17 431
103 18 551
103 21 555
103 26 807
103 27 819
103 28 595
103 29 966
103 34 772
104 1 84
104 2 49
104 3 483
104 4 257
104 6 460
104 7 175
104 8 200
104 10 391
104 11 264
104 14 523
104 22 465
104 23 543
104 78 4284
105 1 31
105 2 44
105 3 70
105 4 141
105 5 483
105 6 247
105 8 199
105 9 486
105 10 198
105 11 349
105 12 264
105 15 299
105 17 1041
105 18 2133
105 22 461
105 27 1029
105 36 963
106 0 17
106 1 96
106 2 101
106 4 1313
106 5 161
106 6 610
106 8 166
106 9 239
106 17 386
106 23 651
106 33 814
106 36 769
106 107 6093
107 0 26
107 1 27
107 3 109
107 4 238
107 5 171
107 6 248
107 7 264
107 8 177
107 10 215
107 12 222
107 14 412
107 15 416
107 16 452
107 26 810
107 27 559
107 100 3860
107 133 5303
108 0 6
108 1 28
108 5 123
108 6 992
108 7 276
108 9 297
108 10 191
108 12 309
108 13 267
108 19 437
108 21 503
108 25 653
108 124 6401
109 1 30
109 2 58
109 3 84
109 5 155
109 6 287
109 7 168
109 8 163
109 10 228
109 11 252
109 12 306
109 13 416
109 17 419
109 21 735
109 24 652
109 25 1479
109 63 1441
110 0 11
110 1 36
110 3 61
110 6 144
110 8 191
110 9 218
110 11 583
110 14 454
110 15 310
110 19 342
110 22 627
110 23 1006
110 24 495
110 30 701
110 45 2257
110 109 5162
111 0 6
111 1 35
111 2 151
111 3 94
111 4 323
111 6 189
111 7 278
111 10 526
111 12 427
111 13 242
111 14 627
111 15 540
111 17 425
111 24 561
111 27 630
111 46 2275
111 76 3275
111 107 2862
112 0 12
112 1 39
112 2 75
112 3 93
112 4 111
112 5 161
112 8 573
112 10 224
112 14 265
112 15 566
112 16 385
112 17 368
112 18 1101
112 20 387
112 73 1969
112 95 2077
113 0 40
113 1 16
113 2 63
113 3 311
113 6 128
113 7 217
113 8 214
113 9 217
113 10 209
113 12 283
113 14 281
113 18 375
113 19 401
113 21 762
113 175 7253
114 1 81
114 2 472
114 3 96
114 4 406
114 5 178
114 6 347
114 8 208
114 12 330
114 14 334
114 15 352
114 18 515
114 20 601
114 30 579
114 192 7361
115 1 47
115 2 60
115 3 68
115 4 123
115 6 633
115 7 257
115 9 282
115 11 249
115 12 474
115 15 388
115 19 488
115 20 520
115 27 691
115 70 3691
116 1 114
116 2 49
116 3 389
116 4 329
116 7 229
116 9 220
116 10 313
116 12 273
116 13 292
116 19 819
116 20 426
116 21 429
117 1 24
117 3 86
117 4 284
117 6 334
117 7 382
117 9 231
117 10 258
117 13 304
117 17 404
117 28 830
117 45 1127
117 46 1176
117 133 7212
118 0 12
118 1 46
118 2 463
118 3 124
118 4 301
118 7 175
118 8 402
118 9 726
118 10 214
118 12 368
118 18 390
118 20 3074
118 21 566
118 26 540
118 36 884
118 43 1185
119 0 11
119 1 38
119 2 169
119 3 210
119 5 109
119 6 323
119 7 227
119 10 238
119 12 268
119 16 476
119 18 1133
119 21 595
119 28 746
119 68 3929
120 0 16
120 1 16
120 3 78
120 4 230
120 5 110
120 6 134
120 7 756
120 9 627
120 10 650
120 11 289
120 12 220
120 15 417
120 17 516
120 19 1332
120 21 519
120 22 1260
120 23 600
120 26 782
120 41 862
121 0 6
121 1 38
121 2 48
121 3 67
121 4 130
121 6 144
121 7 229
121 8 1805
121 9 213
121 10 364
121 12 284
121 17 1244
121 19 1060
121 22 533
121 42 956
121 55 1343
121 111 5429
121 154 9300
122 0 10
122 1 38
122 2 119
122 3 99
122 5 107
122 6 140
122 8 3563
122 9 307
122 13 333
122 14 484
122 16 585
122 17 389
122 20 1150
122 23 500
122 29 739
122 32 785
122 33 1323
122 67 3189
123 1 42
123 3 270
123 5 104
123 6 199
123 7 178
123 8 180
123 9 3354
123 10 328
123 11 263
123 12 245
123 18 418
123 19 379
123 35 985
123 44 2840
124 0 5
124 1 41
124 2 58
124 3 87
124 4 101
124 5 113
124 6 275
124 7 300
124 9 265
124 10 356
124 11 472
124 17 636
124 19 484
124 22 815
124 23 917
124 30 5005
124 37 649
124 38 1217
124 48 1870
124 70 4049
125 0 5
125 1 22
125 2 60
125 3 109
125 4 163
125 5 218
125 6 181
125 8 193
125 9 272
125 10 367
125 11 250
125 12 297
125 16 748
125 17 371
125 20 686
125 23 876
125 32 684
125 179 9123
126 1 53
126 2 48
126 3 82
126 4 122
126 5 136
126 7 186
126 8 158
126 10 209
126 11 260
126 12 310
126 13 272
126 17 453
126 21 476
126 26 658
126 118 3875
127 0 16
127 1 15
127 2 40
127 3 65
127 4 160
127 6 1227
127 8 492
127 9 844
127 11 291
127 12 441
127 14 1202
127 15 455
127 17 539
127 22 604
127 23 466
127 24 661
127 25 506
127 26 908
127 27 1168
127 90 3764
127 140 5502
128 0 1
128 1 89
128 3 194
128 4 136
128 5 186
128 7 219
128 8 312
128 9 204
128 12 249
128 19 754
128 43 1574
129 1 70
129 2 46
129 3 253
129 4 104
129 6 884
129 7 773
129 9 225
129 10 515
129 11 983
129 14 353
129 15 332
129 18 796
129 29 630
129 185 6367
130 0 25
130 1 23
130 2 224
130 3 70
130 4 393
130 5 120
130 6 769
130 7 150
130 8 365
130 9 222
130 10 473
130 11 895
130 12 296
130 13 641
130 15 361
130 16 559
130 17 422
130 19 1567
130 26 559
131 0 3
131 1 49
131 4 120
131 5 159
131 9 260
131 10 225
131 11 430
131 13 292
131 14 462
131 15 371
131 23 645
131 138 5605
132 0 11
132 1 26
132 2 63
132 3 137
132 4 112
132 5 118
132 6 203
132 7 207
132 8 204
132 9 1797
132 10 269
132 11 287
132 12 292
132 14 396
132 15 386
132 18 2453
132 22 621
132 29 1360
132 48 1449
132 126 5768
132 138 6017
133 0 9
133 1 39
133 2 272
133 3 411
133 4 98
133 5 385
133 6 221
133 8 211
133 9 213
133 12 300
133 19 382
133 22 549
133 25 622
134 0 9
134 1 25
134 2 81
134 3 329
134 4 101
134 6 697
134 7 175
134 9 498
134 10 220
134 11 259
134 12 231
134 24 636
134 25 691
134 28 1316
134 39 897
134 49 2304
134 51 1325
135 0 77
135 1 39
135 2 59
135 3 137
135 4 93
135 5 157
135 6 132
135 8 217
135 9 197
135 10 710
135 11 249
135 13 352
135 14 343
135 17 1281
135 19 584
135 21 573
135 30 937
135 35 743
135 42 1035
135 52 3233
135 63 3079
135 88 2071
135 116 2499
136 0 22
136 1 52
136 3 363
136 4 411
136 5 525
136 6 237
136 8 293
136 9 247
136 10 369
136 11 250
136 13 1798
136 14 470
136 15 784
136 16 708
136 17 666
136 18 412
136 19 877
136 21 897
136 23 797
137 1 37
137 2 254
137 3 82
137 4 181
137 6 915
137 7 147
137 8 169
137 9 227
137 11 288
137 14 684
137 15 346
137 17 369
137 23 633
137 30 844
137 111 3608
138 0 14
138 1 27
138 2 74
138 3 97
138 4 148
138 5 109
138 6 145
138 7 417
138 8 258
138 12 303
138 13 326
138 14 308
138 15 360
138 17 859
138 18 619
138 23 890
138 30 904
138 34 917
138 42 2049
138 69 4331
138 98 4333
139 1 36
139 2 62
139 3 968
139 4 286
139 5 214
139 6 123
139 7 203
139 8 208
139 10 330
139 12 243
139 13 359
139 16 812
139 17 504
139 18 558
139 20 365
139 41 4767
139 61 1245
139 90 3605
140 0 31
140 1 46
140 2 85
140 3 369
140 6 239
140 7 171
140 9 411
140 11 357
140 12 262
140 14 320
140 15 260
140 16 335
140 17 367
140 19 449
140 20 1130
140 33 748
140 371 12884
141 0 6
141 1 26
141 2 45
141 3 332
141 4 120
141 5 98
141 6 157
141 7 312
141 8 1631
141 9 535
141 10 205
141 11 244
141 12 356
141 13 509
141 14 312
141 16 298
141 19 559
141 21 853
141 22 1027
141 24 516
141 33 763
141 41 1167
142 1 35
142 2 76
142 3 135
142 4 198
142 5 255
142 7 531
142 8 544
142 10 254
142 11 348
142 13 1177
142 14 540
142 15 485
142 18 644
142 23 1155
142 34 1136
142 37 938
142 39 930
142 124 4495
143 1 51
143 2 378
143 3 152
143 4 168
143 5 304
143 6 642
143 7 111
143 8 245
143 10 239
143 11 318
143 13 344
143 14 535
143 17 364
143 18 1017
143 20 599
143 38 1692
143 42 994
144 0 5
144 1 25
144 2 63
144 3 69
144 5 310
144 6 218
144 7 258
144 8 187
144 9 373
144 10 358
144 11 612
144 12 258
144 14 780
144 16 476
144 20 460
144 21 693
144 22 410
144 26 1011
144 27 1139
144 35 1168
144 43 769
144 64 1613
145 0 10
145 1 42
145 2 61
145 3 145
145 4 127
145 6 175
145 7 208
145 10 389
145 11 231
145 13 312
145 14 299
145 18 1354
145 21 688
145 22 858
145 25 709
145 28 1144
145 45 1577
145 68 2094
146 0 7
146 1 235
146 2 62
146 3 65
146 4 91
146 5 279
146 6 221
146 7 202
146 9 460
146 11 414
146 14 333
146 16 340
146 17 629
146 19 356
146 41 1368
146 69 2524
147 0 13
147 1 33
147 3 149
147 4 201
147 5 128
147 6 379
147 7 1250
147 8 375
147 9 270
147 12 296
147 13 295
147 14 489
147 16 1276
147 17 498
147 18 422
147 22 792
147 23 665
147 95 2768
147 102 4418
148 0 9
148 1 42
148 2 50
148 3 73
148 4 527
148 5 113
148 6 188
148 7 205
148 10 471
148 11 271
148 15 468
148 34 951
148 56 2044
148 60 3628
149 0 11
149 1 46
149 2 60
149 3 78
149 4 91
149 5 939
149 6 220
149 7 379
149 8 528
149 9 266
149 10 226
149 13 262
149 23 964
149 25 1663
149 52 1586
149 53 1554
150 1 53
150 3 91
150 4 105
150 5 167
150 8 261
150 9 384
150 10 219
150 12 299
150 16 473
150 17 553
150 25 741
150 27 1088
150 32 1819
150 153 6283
151 0 171
151 1 30
151 4 1216
151 5 887
151 6 220
151 7 478
151 8 155
151 9 746
151 10 585
151 11 212
151 13 228
151 14 632
151 15 287
151 16 917
151 24 434
151 32 727
151 101 4960
152 0 8
152 1 33
152 2 44
152 3 73
152 4 84
152 5 199
152 6 131
152 7 161
152 8 229
152 10 300
152 11 397
152 12 350
152 13 848
152 15 285
152 17 612
152 20 2990
152 24 618
152 25 587
152 32 807
152 90 3122
153 0 17
153 1 31
153 2 72
153 3 65
153 6 143
153 7 165
153 8 1782
153 9 429
153 10 469
153 11 258
153 12 252
153 13 256
153 15 454
153 16 315
153 22 571
153 29 851
153 37 724
153 41 1192
153 46 2697
153 56 1565
154 1 131
154 2 56
154 3 52
154 4 97
154 5 143
154 6 152
154 7 132
154 8 468
154 10 391
154 14 278
154 16 391
154 18 455
154 19 649
154 21 632
154 22 919
154 24 501
154 34 861
154 64 1485
155 0 39
155 1 55
155 2 45
155 3 465
155 4 416
155 5 120
155 6 404
155 7 692
155 8 388
155 9 284
155 10 220
155 11 272
155 12 548
155 13 335
155 17 293
155 19 1570
155 23 681
155 29 985
155 30 2283
155 33 766
155 49 2155
155 79 2358
156 0 28
156 1 42
156 2 73
156 3 83
156 4 234
156 7 375
156 8 163
156 9 312
156 10 271
156 13 307
156 15 1027
156 17 643
156 19 501
156 28 980
156 37 1844
156 42 1733
156 45 1832
156 81 4258
156 173 8183
157 0 17
157 1 39
157 2 47
157 5 232
157 6 754
157 7 159
157 8 568
157 9 213
157 11 383
157 14 270
157 16 356
157 18 309
157 19 405
157 20 753
157 25 3049
157 27 701
158 0 22
158 1 38
158 3 73
158 5 154
158 7 388
158 8 368
158 9 201
158 10 667
158 13 688
158 14 528
158 19 339
158 20 659
158 21 582
158 48 1958
158 80 1635
159 0 21
159 1 31
159 2 222
159 3 167
159 4 82
159 5 197
159 7 109
159 8 322
159 9 329
159 10 679
159 11 388
159 12 433
159 13 355
159 14 387
159 18 422
159 21 640
159 22 855
159 28 919
159 30 708
159 54 1729
159 61 1757
160 0 39
160 1 38
160 2 86
160 3 95
160 4 93
160 5 118
160 6 648
160 7 306
160 8 564
160 9 515
160 10 357
160 11 304
160 12 319
160 15 2015
160 17 647
160 18 400
160 20 633
160 23 915
160 26 466
160 28 1105
160 42 1463
160 43 1056
160 50 1684
160 59 2641
161 0 22
161 1 55
161 2 39
161 3 113
161 5 153
161 6 125
161 7 1095
161 9 209
161 10 416
161 12 249
161 15 1561
161 16 716
161 18 703
161 20 792
161 34 2895
161 46 1314
162 0 11
162 1 33
162 2 230
162 4 96
162 5 138
162 7 155
162 8 523
162 9 841
162 11 374
162 12 262
162 13 252
162 14 254
162 15 613
162 16 318
162 22 3203
162 24 1288
162 29 824
162 53 1276
162 55 1869
162 62 2099
162 90 6153
163 0 21
163 1 20
163 2 103
163 3 456
163 4 1011
163 5 464
163 7 172
163 8 209
163 9 290
163 10 407
163 12 276
163 15 406
163 18 1333
163 34 1131
163 62 2238
163 88 4228
164 0 7
164 1 50
164 3 614
164 4 173
164 5 200
164 6 224
164 7 226
164 8 175
164 11 303
164 12 216
164 13 236
164 14 561
164 20 687
164 26 1189
164 29 900
164 34 813
164 35 1088
164 61 1937
164 84 3477
165 0 7
165 1 34
165 2 66
165 3 269
165 4 138
165 5 116
165 6 175
165 7 167
165 9 214
165 10 342
165 11 212
165 12 280
165 14 730
165 16 467
165 17 823
165 21 1104
165 23 782
165 28 630
166 0 101
166 1 38
166 4 113
166 7 184
166 8 186
166 9 215
166 10 310
166 11 838
166 13 304
166 14 1071
166 15 623
166 25 526
166 26 903
166 39 2988
166 71 2103
167 0 17
167 1 30
167 2 94
167 3 73
167 4 190
167 5 120
167 6 156
167 7 1095
167 8 238
167 9 943
167 10 225
167 12 231
167 15 292
167 17 376
167 19 1201
167 21 409
167 22 919
167 26 951
167 56 2396
168 1 37
168 2 77
168 3 400
168 4 659
168 5 1144
168 6 135
168 7 524
168 8 249
168 10 700
168 13 266
168 17 681
168 26 573
168 27 896
168 34 992
169 0 58
169 1 41
169 2 54
169 3 109
169 4 177
169 5 94
169 6 448
169 7 243
169 9 721
169 10 559
169 13 706
169 14 453
169 22 605
170 1 65
170 2 69
170 3 324
170 4 328
170 6 529
170 7 1368
170 8 355
170 9 204
170 10 1104
170 12 260
170 13 501
170 14 458
170 19 1257
170 21 415
170 24 404
170 42 3570
170 44 1697
171 0 34
171 1 24
171 2 277
171 3 97
171 4 415
171 5 771
171 7 489
171 9 226
171 12 258
171 15 772
171 18 712
171 20 2959
171 21 868
171 22 460
171 23 410
171 24 2399
171 25 461
171 32 1308
171 33 1043
171 78 3065
171 92 2579
172 0 69
172 1 57
172 2 77
172 3 72
172 4 285
172 5 186
172 6 203
172 7 180
172 8 178
172 9 591
172 10 628
172 11 496
172 13 691
172 16 488
172 20 802
172 22 1151
172 23 712
172 39 1933
173 0 4
173 1 25
173 2 55
173 4 169
173 5 147
173 6 653
173 7 138
173 8 518
173 9 315
173 12 491
173 13 507
173 15 266
173 16 927
173 17 707
173 22 535
173 25 778
173 26 1458
173 35 1029
173 40 1232
173 43 1200
173 65 1411
174 1 32
174 2 51
174 3 274
174 4 127
174 5 111
174 6 190
174 9 240
174 11 255
174 12 255
174 14 712
174 17 454
174 18 528
175 0 19
175 1 43
175 2 349
175 3 70
175 4 145
175 5 167
175 6 629
175 7 323
175 8 175
175 9 338
175 10 591
175 11 1173
175 12 379
175 14 797
175 15 533
175 17 837
175 19 426
175 20 434
175 27 736
175 52 1399
176 0 8
176 1 56
176 2 61
176 3 81
176 4 209
176 5 103
176 6 566
176 7 344
176 10 451
176 12 460
176 13 330
176 14 266
176 16 380
176 17 308
176 18 911
176 19 442
176 21 776
176 27 1664
176 29 526
176 33 1342
176 44 708
176 45 2169
177 0 25
177 1 19
177 2 80
177 3 239
177 4 607
177 6 175
177 7 289
177 8 845
177 9 180
177 10 417
177 11 283
177 12 275
177 14 713
177 15 968
177 17 593
177 18 651
177 19 1803
177 29 714
177 37 939
177 79 2199
178 0 8
178 1 56
178 2 52
178 3 277
178 4 86
178 5 162
178 6 1604
178 7 310
178 9 731
178 10 325
178 12 1094
178 13 778
178 14 282
178 18 626
178 21 437
178 22 445
179 0 18
179 1 108
179 2 181
179 3 111
179 4 410
179 5 111
179 6 132
179 8 462
179 10 4015
179 11 441
179 13 1734
179 16 589
179 22 415
179 36 1267
179 91 4239
180 1 45
180 2 231
180 3 61
180 4 497
180 5 757
180 6 240
180 7 347
180 8 266
180 12 318
180 13 326
180 14 1193
180 16 918
180 17 832
180 18 632
180 20 427
180 69 2379
181 0 44
181 1 40
181 2 166
181 3 215
181 4 363
181 5 261
181 6 134
181 7 295
181 8 503
181 10 356
181 11 231
181 13 300
181 14 316
181 15 1081
181 20 1042
181 21 542
181 22 820
181 25 966
181 37 3069
181 62 2015
181 68 1736
182 0 37
182 1 36
182 2 228
182 3 305
182 4 145
182 5 332
182 6 898
182 7 204
182 8 536
182 9 175
182 10 289
182 11 260
182 13 562
182 14 376
182 17 356
182 23 3100
182 87 3758
183 0 91
183 1 30
183 2 235
183 3 118
183 5 327
183 6 195
183 7 209
183 8 218
183 9 725
183 11 224
183 12 1844
183 13 275
183 15 293
183 16 1450
183 21 728
183 24 992
183 28 621
183 35 846
184 0 28
184 1 40
184 2 158
184 3 263
184 4 174
184 5 118
184 6 182
184 8 872
184 9 204
184 10 242
184 12 1024
184 16 519
184 23 514
184 34 1851
184 40 1335
184 54 1514
185 0 8
185 1 37
185 2 159
185 3 75
185 4 110
185 5 110
185 6 162
185 7 174
185 8 295
185 9 374
185 10 192
185 11 331
185 12 486
185 13 1297
185 14 271
185 15 308
185 18 364
185 19 370
185 24 833
185 27 478
185 29 690
185 30 2668
185 32 1256
185 52 2348
185 81 1684
186 0 60
186 1 33
186 2 75
186 3 83
186 4 303
186 5 1365
186 7 204
186 8 783
186 9 269
186 10 262
186 11 203
186 18 422
186 23 443
186 25 498
186 36 677
186 297 7794
187 0 1
187 1 34
187 2 75
187 3 97
187 4 98
187 6 115
187 7 248
187 8 334
187 9 386
187 11 449
187 12 414
187 14 650
187 15 282
187 17 349
187 18 747
187 22 1159
187 26 2558
187 34 545
188 0 12
188 1 41
188 2 274
188 3 173
188 4 254
188 5 185
188 6 244
188 8 524
188 9 245
188 10 596
188 12 234
188 13 408
188 18 956
188 20 373
188 21 903
188 23 817
188 46 1108
188 53 2443
188 57 3143
188 68 1528
189 0 20
189 1 85
189 2 63
189 3 87
189 4 408
189 6 148
189 7 180
189 8 601
189 11 662
189 13 873
189 14 329
189 16 402
189 18 410
189 19 770
189 20 2885
189 21 522
189 26 1406
189 31 605
189 32 683
190 0 35
190 1 32
190 2 109
190 3 169
190 4 280
190 5 360
190 6 396
190 7 373
190 8 446
190 10 254
190 11 220
190 13 557
190 17 1105
190 18 958
190 23 475
190 24 1029
190 26 1091
190 27 1289
190 33 794
190 41 3277
190 58 4382
191 0 38
191 1 28
191 2 59
191 3 108
191 4 114
191 5 660
191 6 914
191 7 197
191 8 403
191 9 233
191 10 232
191 11 618
191 14 700
191 16 471
191 22 470
191 25 762
191 60 2281
192 0 4
192 1 32
192 2 144
192 3 146
192 4 104
192 5 105
192 6 180
192 7 192
192 8 287
192 11 235
192 13 243
192 16 520
192 19 1376
192 23 440
192 37 2738
192 54 3513
193 0 18
193 1 40
193 2 61
193 4 122
193 5 303
193 6 211
193 8 345
193 9 188
193 11 340
193 12 368
193 15 311
193 17 400
193 18 499
193 37 720
193 49 999
193 61 1953
194 0 23
194 1 40
194 2 71
194 3 77
194 4 134
194 5 120
194 7 451
194 8 170
194 9 201
194 10 220
194 12 408
194 13 223
194 14 592
194 16 314
194 18 416
194 27 586
194 38 808
194 50 1234
194 78 2873
195 0 29
195 1 81
195 2 198
195 3 82
195 4 155
195 5 114
195 6 377
195 7 286
195 8 349
195 9 200
195 10 246
195 11 577
195 12 389
195 13 304
195 16 991
195 19 500
195 21 509
195 22 549
195 25 723
195 31 1445
195 49 3240
196 0 21
196 1 31
196 2 140
196 3 87
196 4 119
196 5 472
196 6 185
196 7 177
196 8 1489
196 9 252
196 10 414
196 11 324
196 12 302
196 14 310
196 15 331
196 18 305
196 19 440
196 21 753
196 34 947
196 36 713
196 37 762
196 45 2882
196 72 1706
196 89 2139
197 0 29
197 1 43
197 2 93
197 3 121
197 4 206
197 5 373
197 6 618
197 7 800
197 8 179
197 9 203
197 10 209
197 15 543
197 16 1143
197 19 418
197 21 378
197 25 711
197 26 989
197 32 638
197 47 3753
197 68 1568
198 0 26
198 1 47
198 2 56
198 3 148
198 5 173
198 6 219
198 7 319
198 8 492
198 9 227
198 10 183
198 11 621
198 16 1033
198 20 1960
198 21 1046
198 27 622
198 32 1502
198 35 768
198 36 1371
198 41 1475
198 99 3579
199 0 12
199 1 55
199 2 234
199 3 156
199 4 100
199 6 156
199 7 160
199 9 166
199 10 384
199 11 259
199 13 257
199 24 586
199 25 848
199 28 884
199 69 2874
200 0 35
200 1 37
200 2 117
200 3 143
200 4 116
200 5 119
200 6 155
200 7 171
200 8 170
200 9 243
200 10 191
200 13 453
200 14 347
200 18 812
200 19 601
200 20 903
200 22 473
200 37 1133
200 38 883
200 46 1181
200 67 4151
201 0 30
201 1 29
201 3 105
201 4 144
201 5 178
201 6 145
201 7 329
201 10 201
201 11 562
201 12 236
201 15 287
201 18 528
201 21 619
201 35 787
201 37 1057
201 40 924
201 65 1501
202 0 20
202 1 56
202 2 59
202 3 105
202 4 117
202 5 168
202 6 164
202 7 302
202 9 180
202 10 265
202 11 278
202 12 270
202 13 408
202 15 331
202 16 290
202 18 722
202 20 418
202 21 612
202 32 830
202 67 1616
203 0 20
203 1 48
203 2 237
203 4 86
203 5 376
203 6 175
203 7 165
203 8 648
203 9 185
203 10 558
203 11 210
203 12 628
203 14 319
203 17 696
203 19 915
203 20 407
203 25 619
203 42 1014
203 109 3311
203 266 8042
204 0 19
204 1 32
204 2 89
204 3 73
204 4 408
204 5 216
204 6 132
204 7 281
204 8 241
204 9 205
204 10 329
204 11 375
204 14 273
204 15 354
204 16 521
204 17 335
204 22 636
204 27 487
204 38 1011
204 39 4474
204 43 1489
204 51 1244
204 52 4450
204 65 2598
204 176 6867
205 0 18
205 1 50
205 2 46
205 3 92
205 4 309
205 5 120
205 6 191
205 7 178
205 8 212
205 9 528
205 10 411
205 11 644
205 13 779
205 14 613
205 15 1138
205 17 385
205 18 1224
205 19 479
205 20 390
205 24 768
205 28 3231
205 30 775
205 32 656
205 34 627
205 35 1881
205 87 2829
206 0 65
206 1 195
206 3 116
206 4 71
206 5 712
206 6 897
206 7 194
206 8 228
206 9 185
206 10 1604
206 13 1121
206 14 532
206 18 503
206 19 733
206 23 2385
206 24 664
206 25 517
206 32 1505
206 49 1013
206 55 1318
206 74 1987
206 79 4071
207 0 9
207 1 39
207 2 95
207 3 116
207 5 331
207 6 310
207 7 232
207 8 344
207 9 341
207 12 248
207 14 273
207 15 2983
207 16 308
207 18 414
207 21 2157
207 22 483
207 29 560
207 30 2289
207 79 3719
208 0 37
208 1 34
208 2 57
208 3 238
208 4 181
208 5 127
208 6 141
208 7 441
208 8 300
208 9 219
208 10 212
208 11 545
208 12 1492
208 14 328
208 15 297
208 16 529
208 18 972
208 23 1826
208 27 531
208 30 676
208 43 987
208 46 1892
209 0 23
209 1 35
209 2 97
209 3 161
209 4 104
209 5 112
209 6 155
209 7 163
209 8 269
209 9 235
209 10 259
209 12 248
209 13 337
209 14 437
209 15 397
209 17 384
209 18 649
209 19 409
209 26 1089
209 31 748
209 32 1026
209 88 2540
210 0 6
210 1 49
210 2 55
210 3 538
210 4 104
210 5 233
210 8 687
210 9 524
210 10 488
210 12 476
210 13 396
210 15 475
210 24 850
210 28 676
210 36 1762
210 43 969
210 87 2180
211 0 21
211 1 32
211 2 139
211 3 104
211 5 681
211 6 284
211 7 198
211 10 213
211 11 208
211 12 265
211 13 293
211 14 369
211 16 362
211 17 1186
211 27 1011
211 33 606
211 67 5023
211 69 1846
212 0 28
212 1 66
212 3 126
212 4 205
212 5 240
212 8 249
212 9 303
212 10 252
212 12 333
212 13 577
212 14 390
212 16 398
212 19 445
212 28 716
212 29 638
212 35 730
212 40 1785
212 64 2174
213 0 42
213 1 39
213 2 63
213 3 74
213 4 103
213 5 361
213 6 209
213 7 307
213 8 252
213 9 285
213 10 258
213 12 241
213 14 321
213 15 515
213 17 450
213 18 363
213 19 437
213 20 507
213 23 1124
213 24 595
213 25 594
213 28 896
213 32 602
213 34 1344
213 35 870
213 39 997
213 46 1221
213 52 2222
213 54 2603
213 297 8835
214 0 29
214 1 29
214 2 128
214 3 63
214 4 93
214 5 207
214 6 385
214 7 223
214 8 231
214 9 226
214 10 243
214 11 655
214 16 885
214 17 403
214 19 2391
214 20 591
214 77 2243
214 97 2300
214 126 6870
214 164 6534
214 298 8091
215 0 9
215 1 35
215 2 62
215 4 331
215 5 125
215 6 367
215 7 351
215 8 158
215 10 265
215 11 426
215 12 583
215 13 403
215 19 1328
215 21 455
215 22 537
215 23 450
215 25 577
215 30 662
215 59 1772
215 99 3328
216 0 26
216 1 94
216 2 86
216 3 80
216 4 126
216 7 185
216 8 196
216 11 326
216 15 380
216 16 344
216 18 470
216 20 502
216 22 528
216 27 646
216 30 1016
216 33 667
216 59 2036
216 102 4045
217 0 43
217 1 51
217 2 86
217 3 465
217 4 220
217 5 136
217 6 1655
217 7 208
217 9 901
217 11 758
217 12 296
217 13 730
217 14 365
217 18 451
217 24 665
217 25 1094
217 26 496
217 48 1501
218 0 41
218 1 37
218 2 71
218 3 71
218 4 113
218 5 145
218 6 122
218 8 230
218 9 182
218 10 425
218 11 226
218 13 430
218 19 465
218 20 1148
218 21 461
218 27 913
218 32 802
218 39 881
218 54 1528
218 89 1943
219 0 19
219 1 46
219 2 132
219 3 61
219 4 210
219 6 163
219 7 186
219 9 445
219 10 276
219 11 238
219 12 304
219 14 362
219 15 303
219 16 501
219 17 446
219 18 479
219 19 499
219 20 837
219 22 454
219 23 634
219 24 529
219 27 643
219 30 2551
219 35 1290
219 40 1162
220 0 16
220 1 36
220 2 77
220 3 56
220 4 110
220 5 156
220 6 113
220 7 199
220 8 547
220 10 278
220 11 354
220 13 497
220 14 413
220 15 506
220 20 368
220 25 599
220 26 665
220 28 1008
220 33 794
220 34 1002
220 47 836
220 53 1207
220 252 7034
221 0 10
221 1 52
221 2 52
221 3 73
221 4 248
221 5 265
221 6 154
221 7 189
221 8 388
221 9 209
221 10 185
221 14 373
221 15 419
221 16 1976
221 17 509
221 18 517
221 19 1170
221 20 402
221 23 514
221 25 1304
221 46 1266
221 49 2308
221 75 5366
221 117 5347
221 214 7794
222 0 11
222 1 43
222 2 98
222 3 825
222 4 444
222 6 134
222 7 786
222 8 202
222 9 247
222 10 1010
222 12 264
222 13 577
222 16 424
222 17 1381
222 18 343
222 20 812
222 22 460
222 24 706
222 25 470
222 26 589
222 29 553
222 47 3535
223 0 14
223 1 26
223 2 47
223 3 87
223 4 181
223 5 117
223 6 267
223 7 324
223 8 237
223 10 378
223 12 506
223 13 254
223 15 347
223 16 641
223 18 426
223 20 542
223 21 1187
223 24 494
223 29 857
223 45 1167
223 57 3729
223 61 1613
223 83 2057
224 0 14
224 1 36
224 2 65
224 5 370
224 8 249
224 9 673
224 10 455
224 16 816
224 18 394
224 19 600
224 23 497
224 24 770
224 26 585
224 36 1002
224 40 1717
224 41 3121
225 0 20
225 1 39
225 3 68
225 4 77
225 7 149
225 8 220
225 9 948
225 10 463
225 11 282
225 12 352
225 14 349
225 15 492
225 16 428
225 17 564
225 22 468
225 23 501
225 41 952
225 46 1042
225 183 7057
226 1 41
226 2 72
226 3 59
226 4 150
226 5 122
226 6 485
226 7 152
226 8 531
226 9 273
226 11 248
226 14 301
226 15 332
226 16 517
226 19 520
226 24 731
226 31 575
226 77 1706
227 0 6
227 1 41
227 2 61
227 3 69
227 4 179
227 8 363
227 9 245
227 12 264
227 14 364
227 15 339
227 17 486
227 19 1432
227 24 496
227 25 672
227 26 1315
227 28 791
227 59 2019
227 82 1878
228 0 12
228 1 126
228 2 39
228 3 113
228 4 90
228 5 190
228 8 459
228 9 181
228 10 297
228 11 336
228 17 334
228 21 537
228 24 579
228 33 647
228 48 2460
228 63 1565
228 68 1867
229 0 9
229 1 26
229 2 56
229 3 108
229 4 103
229 5 122
229 7 176
229 9 418
229 10 410
229 11 458
229 12 370
229 13 263
229 14 811
229 15 397
229 16 379
229 18 429
229 20 499
229 23 760
229 26 664
229 30 1893
229 129 5311
230 1 39
230 2 65
230 3 233
230 4 103
230 5 267
230 6 130
230 7 242
230 8 200
230 9 183
230 11 353
230 12 718
230 13 296
230 18 527
230 31 715
230 34 1041
230 39 761
230 50 1166
230 73 3375
230 110 2963
231 0 10
231 1 65
231 2 160
231 3 66
231 4 115
231 5 156
231 7 150
231 8 227
231 9 266
231 10 238
231 12 288
231 13 506
231 14 313
231 17 354
231 41 1099
231 48 1120
231 56 1424
231 101 3199
232 0 10
232 1 31
232 2 95
232 3 114
232 4 266
232 5 142
232 6 186
232 7 187
232 8 211
232 12 806
232 16 370
232 17 381
232 19 498
232 31 648
232 39 879
232 56 1288
232 74 1663
233 0 20
233 1 40
233 2 97
233 3 109
233 4 120
233 10 225
233 12 311
233 13 542
233 15 807
233 16 311
233 22 708
233 28 610
233 31 857
233 34 884
234 0 16
234 1 28
234 3 140
234 4 84
234 5 137
234 6 468
234 7 173
234 8 215
234 11 384
234 13 918
234 14 329
234 15 433
234 17 414
234 26 830
234 28 650
234 29 635
234 32 1372
234 45 1404
234 68 1928
234 96 4359
234 126 5129
235 0 13
235 1 59
235 2 33
235 3 90
235 4 165
235 5 238
235 6 465
235 7 278
235 8 218
235 12 445
235 16 408
235 17 420
235 20 416
235 23 519
235 24 1423
235 28 610
235 29 625
235 35 792
235 45 3127
235 69 3261
235 81 2781
236 0 23
236 1 33
236 2 170
236 3 151
236 4 233
236 5 144
236 6 143
236 8 236
236 9 242
236 11 227
236 15 337
236 16 353
236 17 309
236 21 561
236 25 584
236 26 852
236 40 983
236 47 1142
236 48 1205
236 61 1757
236 87 3360
237 0 8
237 1 90
237 2 98
237 3 137
237 4 322
237 5 132
237 6 135
237 7 267
237 8 200
237 11 331
237 14 324
237 15 518
237 18 1418
237 21 956
237 27 687
237 30 1378
237 31 1312
237 33 649
237 34 739
238 0 29
238 1 33
238 2 62
238 3 117
238 4 145
238 5 122
238 6 907
238 8 215
238 9 415
238 10 513
238 11 580
238 12 282
238 13 311
238 14 554
238 16 568
238 17 960
238 23 583
238 29 1091
238 31 945
238 43 1098
238 44 1737
238 47 2314
238 56 1212
238 80 2693
239 0 6
239 1 85
239 2 53
239 3 294
239 4 162
239 5 126
239 6 1634
239 7 289
239 8 253
239 9 227
239 10 265
239 12 434
239 15 374
239 17 937
239 20 677
239 24 674
239 25 647
239 31 859
239 37 3826
239 44 1819
240 0 18
240 1 54
240 2 65
240 3 407
240 5 176
240 6 610
240 8 246
240 9 269
240 10 204
240 11 377
240 16 492
240 23 685
240 25 652
240 28 2005
240 29 751
240 32 1090
240 35 1088
240 37 829
240 38 863
240 39 1184
240 43 2582
240 44 1351
241 0 53
241 1 42
241 2 59
241 3 73
241 5 163
241 6 217
241 7 326
241 8 262
241 9 316
241 10 327
241 13 359
241 15 311
241 16 572
241 18 555
241 20 666
241 22 692
241 24 607
241 26 543
241 27 766
241 30 1495
241 31 763
241 42 1378
241 43 2666
241 53 2270
242 0 26
242 1 50
242 2 489
242 3 91
242 4 104
242 5 379
242 6 651
242 8 201
242 9 720
242 11 916
242 14 355
242 19 442
242 21 1163
242 22 505
242 23 576
242 25 1474
242 30 1218
242 43 1632
242 53 1288
242 56 3664
242 60 1369
243 0 7
243 1 79
243 2 347
243 3 139
243 4 137
243 5 248
243 6 361
243 7 190
243 8 202
243 9 212
243 11 251
243 12 347
243 13 280
243 14 437
243 15 288
243 17 1069
243 18 1375
243 19 907
243 22 493
243 27 607
243 29 1001
243 31 692
243 55 1311
244 0 25
244 1 36
244 2 68
244 4 351
244 5 207
244 7 427
244 8 205
244 9 249
244 11 262
244 12 1009
244 19 720
244 21 677
244 23 732
244 25 1366
244 27 1365
244 30 819
244 50 1265
244 126 5311
244 173 5246
245 0 50
245 1 47
245 2 127
245 3 93
245 4 226
245 5 178
245 6 155
245 7 143
245 8 241
245 9 290
245 10 216
245 11 278
245 14 418
245 21 644
245 23 2223
245 26 531
245 27 2441
245 29 583
245 33 870
245 34 1541
245 37 966
245 40 1159
245 43 1466
245 44 2857
245 61 1450
246 0 27
246 1 17
246 2 53
246 3 211
246 4 98
246 5 171
246 6 147
246 7 343
246 9 261
246 10 259
246 11 495
246 15 1565
246 16 392
246 17 316
246 29 2510
246 32 719
246 44 4749
246 45 1251
246 49 1208
246 106 3297
246 174 6065
246 232 9382
247 0 20
247 1 34
247 2 46
247 3 62
247 5 435
247 7 245
247 9 215
247 14 359
247 15 581
247 16 517
247 21 531
247 22 611
247 26 1190
247 29 1144
247 35 2643
247 36 1301
247 38 1230
247 45 883
247 54 2706
247 61 2912
248 0 27
248 1 71
248 2 49
248 3 119
248 4 103
248 5 178
248 6 270
248 9 395
248 10 256
248 11 313
248 12 795
248 15 462
248 16 1014
248 17 419
248 21 511
248 23 1779
248 25 1119
248 26 1370
248 28 625
248 29 612
248 35 1164
248 44 901
248 47 2082
248 56 3631
248 96 4400
249 0 35
249 1 35
249 3 88
249 4 148
249 5 175
249 6 288
249 8 201
249 9 599
249 10 171
249 11 337
249 12 1054
249 13 286
249 14 444
249 18 463
249 20 409
249 21 622
249 22 474
249 23 637
249 24 549
249 28 607
249 30 1278
249 31 950
249 37 2522
249 41 1645
249 60 1741
249 63 2745
249 84 3264
250 0 17
250 1 19
250 2 97
250 3 196
250 4 95
250 6 168
250 7 253
250 9 468
250 10 314
250 13 550
250 16 572
250 19 452
250 20 835
250 23 799
250 25 603
250 29 899
250 30 1072
250 36 1569
250 53 2985
250 75 2272
250 261 7327
251 0 11
251 1 36
251 3 224
251 4 91
251 5 138
251 6 176
251 7 162
251 8 185
251 9 221
251 12 303
251 13 345
251 16 542
251 17 362
251 20 523
251 24 596
251 27 572
251 28 955
251 29 936
251 36 719
251 39 1181
251 40 1664
251 68 2298
251 70 2127
251 164 4378
251 261 8035
252 0 24
252 1 44
252 2 122
252 4 291
252 5 128
252 6 139
252 7 346
252 10 500
252 11 400
252 16 620
252 17 839
252 19 494
252 20 426
252 26 1307
252 27 652
252 28 735
252 31 1124
252 33 751
252 42 1074
252 49 1769
253 0 60
253 1 42
253 3 116
253 5 175
253 7 274
253 8 220
253 10 357
253 12 305
253 16 508
253 18 413
253 19 426
253 21 1740
253 22 582
253 28 1209
253 29 671
253 31 974
253 40 1023
253 42 1379
254 0 23
254 1 44
254 2 62
254 4 119
254 5 155
254 6 701
254 7 544
254 8 280
254 11 283
254 12 706
254 14 715
254 15 368
254 16 448
254 21 743
254 24 482
254 25 720
254 33 1663
254 34 919
254 37 909
254 57 1522
255 0 23
255 1 49
255 2 49
255 3 383
255 4 445
255 5 504
255 8 908
255 10 871
255 11 380
255 16 702
255 18 570
255 19 1347
255 22 628
255 28 589
255 33 719
255 37 1039
255 44 1942
255 57 1208
256 0 81
256 1 70
256 2 93
256 3 280
256 5 154
256 7 159
256 11 251
256 14 1252
256 15 525
256 16 424
256 18 450
256 19 483
256 23 1176
256 26 1418
256 29 828
256 31 1400
256 35 1307
256 39 1196
256 43 1509
256 44 944
256 53 1428
256 56 1544
256 59 2088
256 69 1916
257 0 54
257 1 40
257 2 150
257 3 66
257 4 134
257 5 118
257 8 548
257 11 654
257 12 306
257 13 430
257 16 560
257 19 564
257 22 1184
257 41 1711
257 76 2518
257 133 3418
257 217 7572
258 0 26
258 1 32
258 2 85
258 3 93
258 6 164
258 8 239
258 10 358
258 11 1531
258 14 341
258 18 413
258 19 574
258 26 642
259 0 47
259 1 30
259 2 74
259 3 75
259 4 396
259 6 302
259 7 163
259 8 1325
259 9 251
259 11 546
259 12 421
259 14 373
259 15 324
259 18 765
259 20 570
259 24 1074
259 25 712
259 27 579
259 28 612
259 30 1587
259 38 2355
259 46 1346
259 50 1284
259 55 1877
260 0 9
260 1 56
260 2 53
260 3 79
260 5 181
260 6 158
260 7 217
260 8 193
260 10 204
260 11 293
260 14 327
260 15 475
260 19 733
260 31 1430
260 35 2626
260 37 2040
260 61 2071
261 0 11
261 1 29
261 2 70
261 3 194
261 4 131
261 5 147
261 6 225
261 7 178
261 9 362
261 11 303
261 14 402
261 15 523
261 17 1681
261 18 393
261 20 472
261 23 1003
261 30 698
261 32 805
261 37 865
261 39 883
262 0 26
262 1 39
262 2 173
262 4 177
262 7 229
262 8 448
262 12 281
262 13 423
262 18 356
262 20 952
262 23 557
262 27 903
262 28 565
262 29 1082
262 40 926
262 43 1434
262 47 2448
262 250 6280
263 0 22
263 1 29
263 2 94
263 3 339
263 4 118
263 5 928
263 6 385
263 8 192
263 9 825
263 12 567
263 13 309
263 15 704
263 19 553
263 21 632
263 22 547
263 24 670
263 25 715
263 26 620
263 30 1429
263 32 924
263 35 1001
263 39 1912
263 64 3102
264 0 95
264 1 61
264 2 151
264 3 88
264 5 121
264 6 172
264 9 341
264 11 226
264 13 728
264 16 714
264 17 597
264 22 483
264 26 975
264 28 675
264 39 991
264 227 5901
265 0 0
265 1 39
265 2 60
265 3 186
265 4 134
265 8 672
265 9 587
265 10 600
265 12 361
265 14 273
265 16 741
265 17 499
265 25 1289
265 29 1195
265 50 2595
266 0 29
266 1 62
266 2 107
266 3 123
266 4 418
266 5 281
266 8 233
266 9 217
266 15 423
266 17 496
266 25 776
266 31 1267
266 32 1266
266 66 4362
266 88 2801
266 111 2871
267 0 22
267 1 60
267 2 83
267 3 114
267 4 164
267 5 982
267 7 391
267 8 294
267 12 362
267 13 460
267 14 339
267 15 1356
267 17 615
267 19 918
267 28 953
267 42 1396
267 43 1060
267 47 2400
267 147 5131
268 0 11
268 1 52
268 2 75
268 3 509
268 5 124
268 6 200
268 8 264
268 9 346
268 11 262
268 12 659
268 13 530
268 15 403
268 19 871
268 21 571
268 22 1390
268 33 1047
268 50 1430
268 51 1780
268 53 1847
268 81 2267
269 0 32
269 1 110
269 2 292
269 3 135
269 4 110
269 5 163
269 8 263
269 9 238
269 10 973
269 13 414
269 14 369
269 15 534
269 17 634
269 18 497
269 20 408
269 23 670
269 24 609
269 29 904
269 31 940
269 34 1269
269 38 931
269 42 1397
269 47 3419
269 142 3612
270 0 43
270 1 31
270 2 71
270 3 358
270 4 131
270 6 321
270 8 379
270 9 235
270 10 995
270 11 581
270 14 530
270 16 569
270 17 1119
270 21 499
270 24 492
270 28 565
270 32 2661
270 33 1043
270 34 755
270 76 3794
271 0 13
271 1 55
271 2 280
271 3 104
271 4 116
271 5 141
271 6 207
271 7 243
271 13 299
271 14 331
271 21 533
271 22 632
271 25 551
271 26 893
271 28 834
271 30 700
271 31 794
271 33 1246
271 69 2263
272 0 30
272 1 104
272 2 59
272 4 131
272 6 121
272 8 253
272 10 472
272 13 332
272 14 702
272 16 698
272 18 685
272 20 1045
272 21 1243
272 25 595
272 33 1093
272 38 1318
272 53 1379
272 56 3862
272 81 2531
272 239 5955
273 0 21
273 1 56
273 2 118
273 3 290
273 4 188
273 5 169
273 6 302
273 7 400
273 10 317
273 11 519
273 14 387
273 17 507
273 18 633
273 19 769
273 21 441
273 22 558
273 36 1426
273 37 929
273 55 1554
273 83 5902
273 111 3762
274 0 34
274 1 37
274 2 56
274 3 210
274 5 141
274 7 177
274 9 1415
274 11 257
274 12 325
274 15 1073
274 16 351
274 17 437
274 20 533
274 24 645
274 25 846
274 27 810
274 31 1227
274 50 1828
274 64 1868
274 80 4674
275 0 92
275 1 47
275 2 73
275 3 457
275 4 217
275 5 125
275 6 154
275 7 290
275 8 343
275 10 374
275 11 501
275 12 788
275 13 538
275 14 428
275 15 322
275 17 374
275 21 840
275 22 1268
275 24 739
275 28 748
275 34 1179
275 41 1468
275 68 1827
276 0 36
276 1 35
276 2 79
276 3 166
276 5 152
276 6 152
276 7 514
276 12 570
276 14 749
276 17 805
276 18 823
276 20 1014
276 25 571
276 29 927
276 33 915
276 35 724
276 42 1383
276 44 1757
276 134 4570
277 0 6
277 1 37
277 2 71
277 3 615
277 4 100
277 5 153
277 7 270
277 8 661
277 11 381
277 13 523
277 14 426
277 16 417
277 17 439
277 19 408
277 29 916
277 35 1123
277 43 2992
277 54 1759
277 141 4157
278 0 46
278 1 39
278 2 47
278 3 115
278 4 149
278 6 182
278 7 186
278 9 296
278 10 292
278 11 323
278 12 872
278 13 344
278 15 423
278 18 484
278 26 1603
278 27 1056
278 39 1977
278 55 1399
279 0 11
279 1 37
279 2 114
279 4 334
279 5 165
279 6 158
279 7 290
279 8 200
279 11 249
279 12 621
279 13 483
279 15 412
279 16 802
279 17 392
279 19 558
279 23 636
279 28 1222
279 30 1048
279 34 863
279 40 1189
279 41 3136
279 47 3752
279 82 1770
280 0 47
280 1 71
280 2 225
280 3 224
280 4 107
280 5 414
280 6 220
280 7 184
280 8 441
280 9 255
280 11 261
280 14 1623
280 16 439
280 17 474
280 18 627
280 21 2413
280 23 1014
280 35 1346
280 46 1569
280 54 1954
280 74 4012
280 94 4098
280 171 5779
281 0 29
281 1 30
281 3 82
281 4 105
281 5 161
281 6 501
281 7 165
281 9 317
281 10 270
281 12 344
281 13 628
281 15 370
281 17 369
281 25 592
281 30 1277
281 38 2604
281 39 1043
281 44 1508
281 47 1315
281 67 3789
282 1 117
282 3 79
282 5 285
282 6 235
282 7 197
282 9 183
282 10 407
282 11 246
282 12 626
282 13 522
282 22 804
282 26 1983
282 28 935
282 29 699
282 30 1722
282 37 1240
282 46 1319
283 0 26
283 1 62
283 2 527
283 3 210
283 4 81
283 5 315
283 12 899
283 13 573
283 14 780
283 15 1144
283 20 588
283 21 1218
283 22 766
283 25 892
283 26 1154
283 30 788
283 35 1572
283 38 1237
283 39 966
283 61 1817
283 62 1650
284 0 21
284 1 25
284 2 97
284 3 89
284 4 113
284 5 154
284 6 143
284 7 273
284 8 253
284 9 238
284 12 498
284 13 382
284 15 374
284 17 460
284 21 1305
284 24 855
284 25 767
284 29 1105
284 48 1704
284 70 2424
285 0 36
285 1 32
285 2 64
285 3 73
285 5 120
285 6 196
285 7 212
285 8 191
285 10 217
285 12 344
285 17 1052
285 24 623
285 25 892
285 26 847
285 27 1102
285 28 940
285 29 1114
285 33 777
285 42 2212
285 49 1928
285 51 3020
285 54 2009
285 63 2626
286 0 20
286 1 29
286 2 50
286 3 123
286 5 188
286 6 591
286 9 504
286 11 246
286 17 541
286 21 889
286 22 595
286 23 1339
286 25 679
286 27 778
286 33 2155
286 36 1628
286 39 1111
286 42 3240
286 63 2354
286 140 5402
287 0 62
287 1 37
287 2 149
287 3 133
287 4 217
287 5 810
287 6 256
287 7 229
287 8 223
287 9 253
287 11 584
287 13 330
287 15 563
287 16 782
287 18 650
287 20 430
287 21 427
287 22 953
287 24 755
287 25 594
287 31 751
287 34 974
287 65 1973
288 0 28
288 1 44
288 2 88
288 3 84
288 4 144
288 7 146
288 8 180
288 10 220
288 11 381
288 12 319
288 17 486
288 18 374
288 20 501
288 21 1545
288 25 655
288 26 696
288 30 1148
288 37 2594
288 49 1625
288 91 2522
288 107 4484
288 156 3378
289 0 29
289 1 81
289 4 305
289 6 418
289 9 194
289 13 735
289 14 329
289 17 501
289 18 501
289 21 703
289 34 1074
289 38 887
289 49 973
289 65 1679
290 1 51
290 2 74
290 3 117
290 4 140
290 5 162
290 7 199
290 9 243
290 11 451
290 15 654
290 16 1025
290 18 778
290 20 556
290 21 487
290 25 650
290 27 606
290 29 2190
290 31 875
290 38 1089
290 48 4044
290 51 1126
290 52 2540
290 57 1434
291 0 25
291 1 38
291 2 160
291 3 216
291 4 270
291 5 208
291 6 302
291 10 654
291 11 858
291 13 1099
291 14 965
291 16 651
291 19 1170
291 20 861
291 25 1009
291 28 844
291 31 1275
291 39 1028
291 41 1433
291 64 1903
291 78 2773
292 0 89
292 1 51
292 2 64
292 3 188
292 4 136
292 5 148
292 8 287
292 9 277
292 10 309
292 13 389
292 14 1266
292 17 454
292 18 588
292 19 1368
292 20 493
292 21 574
292 24 968
292 28 746
292 33 864
292 46 1423
292 49 2109
292 53 1489
292 73 2095
292 83 3127
292 100 4978
293 0 16
293 1 47
293 2 61
293 4 101
293 6 164
293 7 299
293 8 532
293 13 1492
293 15 381
293 18 589
293 19 1948
293 27 797
293 31 1745
293 32 971
293 40 1996
293 43 1276
293 44 1209
294 0 13
294 1 58
294 2 88
294 4 277
294 5 110
294 7 190
294 8 347
294 9 220
294 10 367
294 12 457
294 13 318
294 15 658
294 16 683
294 18 846
294 22 780
294 23 1183
294 25 573
294 31 877
294 33 1266
294 37 1134
294 48 2591
294 80 2571
294 123 3129
294 218 6148
295 0 9
295 1 64
295 2 89
295 4 352
295 5 242
295 6 236
295 7 176
295 8 265
295 9 199
295 10 412
295 12 363
295 14 588
295 15 841
295 16 1173
295 18 761
295 24 1399
295 29 2576
295 32 1224
295 35 1299
295 36 1942
295 41 1536
295 56 1509
295 65 2164
295 217 5809
296 0 33
296 1 117
296 2 73
296 3 133
296 4 126
296 6 151
296 10 255
296 11 1422
296 12 736
296 13 395
296 16 806
296 18 648
296 19 1020
296 20 700
296 22 769
296 25 772
296 39 1640
296 42 1626
296 44 1078
296 72 2508
297 0 108
297 1 79
297 2 101
297 3 77
297 5 295
297 6 271
297 7 242
297 9 434
297 12 438
297 14 402
297 15 635
297 18 435
297 20 1774
297 23 818
297 25 700
297 29 1249
297 31 1970
297 33 798
297 34 2084
297 36 1225
297 41 1204
298 0 57
298 1 61
298 2 120
298 4 146
298 5 218
298 9 280
298 11 869
298 14 338
298 18 666
298 20 449
298 29 702
298 31 1549
298 50 1370
298 56 1368
299 0 28
299 1 35
299 2 103
299 3 122
299 5 215
299 6 173
299 7 331
299 8 205
299 9 293
299 12 348
299 13 1317
299 14 330
299 17 424
299 21 777
299 22 570
299 23 721
299 28 1237
299 32 886
299 33 1023
299 196 8029
299 205 6460
300 0 27
300 1 51
300 2 73
300 3 98
300 4 253
300 6 222
300 7 253
300 8 242
300 13 697
300 14 406
300 16 551
300 17 552
300 18 439
300 22 639
300 29 739
301 0 70
301 1 33
301 2 120
301 5 357
301 8 210
301 10 439
301 14 472
301 15 343
301 20 724
301 21 852
301 23 1135
301 28 1177
301 29 879
302 0 18
302 1 111
302 2 158
302 3 182
302 6 188
302 8 348
302 10 525
302 11 277
302 16 446
302 17 1267
302 18 724
302 21 890
302 22 995
302 28 862
302 32 1072
302 49 1571
303 0 6
303 1 51
303 2 387
303 3 110
303 4 542
303 5 138
303 6 280
303 7 249
303 8 528
303 10 365
303 11 346
303 13 449
303 19 386
303 21 905
303 29 1616
303 30 3022
303 36 1576
303 42 1739
303 46 1395
303 47 1591
303 55 1578
303 64 2878
303 154 5420
303 181 4644
304 0 29
304 1 33
304 4 110
304 5 338
304 7 232
304 8 320
304 13 349
304 14 326
304 16 613
304 18 588
304 19 714
304 23 947
304 26 573
304 30 895
304 208 7019
305 0 33
305 1 83
305 2 58
305 4 156
305 5 307
305 8 306
305 11 355
305 12 1479
305 14 488
305 15 830
305 17 711
305 20 656
305 22 569
305 24 605
305 27 915
305 30 1382
305 32 1306
305 49 3145
305 206 6188
306 0 34
306 1 57
306 3 819
306 4 147
306 6 1121
306 8 224
306 9 615
306 11 426
306 13 294
306 14 363
306 20 521
306 23 645
306 24 501
306 30 1066
306 33 1192
306 35 790
306 50 1704
307 0 74
307 1 40
307 2 53
307 3 129
307 4 143
307 5 97
307 6 146
307 8 215
307 10 919
307 11 329
307 16 343
307 17 545
307 19 627
307 22 1014
307 26 742
307 36 1975
307 41 1260
307 48 1072
307 51 1127
307 53 1468
307 65 2211
308 0 167
308 1 54
308 2 49
308 4 313
308 5 245
308 7 261
308 8 237
308 9 258
308 10 296
308 11 378
308 15 523
308 22 970
308 29 682
308 35 1823
308 39 1170
308 47 2197
309 0 21
309 1 38
309 2 147
309 3 288
309 4 206
309 6 240
309 7 233
309 8 203
309 9 554
309 10 555
309 11 346
309 12 423
309 14 809
309 15 443
309 16 918
309 30 849
309 40 2712
309 43 2609
309 68 2082
309 74 2214
309 78 2758
309 95 3347
310 0 48
310 1 64
310 2 155
310 3 132
310 5 336
310 6 259
310 7 262
310 8 192
310 11 622
310 17 747
310 18 1078
310 20 884
310 21 472
310 24 573
310 26 1068
310 31 1007
310 35 789
310 38 1101
310 77 1760
310 92 3961
311 0 32
311 1 55
311 3 83
311 4 373
311 5 433
311 6 230
311 7 418
311 8 245
311 10 238
311 12 282
311 14 315
311 15 292
311 16 574
311 17 447
311 18 404
311 20 1098
311 22 470
311 36 1539
311 45 1079
311 49 1435
311 58 1724
311 67 1891
311 69 2199
311 101 4401
312 0 18
312 1 51
312 2 48
312 3 115
312 4 143
312 6 258
312 10 360
312 11 262
312 12 270
312 13 881
312 14 1194
312 15 377
312 17 778
312 18 937
312 19 1107
312 21 644
312 22 849
312 23 565
312 24 626
312 37 1212
312 42 1729
312 45 2220
312 119 3451
313 0 20
313 1 25
313 2 67
313 3 70
313 5 140
313 8 332
313 9 490
313 10 251
313 15 624
313 16 515
313 17 399
313 18 1099
313 20 513
313 22 516
313 23 979
313 25 567
313 27 886
313 31 822
313 34 1096
313 38 1084
313 39 901
313 70 2274
313 106 3364
314 0 75
314 1 54
314 2 146
314 4 188
314 8 718
314 9 803
314 12 633
314 13 426
314 14 568
314 22 1516
315 0 23
315 1 70
315 2 114
315 4 129
315 5 279
315 6 183
315 7 172
315 8 319
315 12 347
315 14 646
315 16 441
315 20 768
315 23 1064
315 24 1073
315 26 1015
315 30 686
315 31 1204
315 32 749
315 35 1755
315 41 1209
315 64 3416
316 0 27
316 1 44
316 2 165
316 3 77
316 4 176
316 5 178
316 6 160
316 7 241
316 9 401
316 10 364
316 13 437
316 15 676
316 17 379
316 18 577
316 19 1517
316 23 676
316 27 1268
316 30 1251
316 38 1413
316 41 1981
316 45 1252
316 48 1211
316 73 2529
317 0 61
317 1 114
317 2 179
317 3 163
317 4 173
317 5 115
317 7 461
317 8 242
317 9 519
317 10 249
317 12 300
317 17 408
317 19 751
317 20 2214
317 21 1225
317 26 786
317 31 1247
317 90 2978
318 0 24
318 1 98
318 2 155
318 3 129
318 5 141
318 6 737
318 7 292
318 10 779
318 11 275
318 14 469
318 15 740
318 18 469
318 19 1041
318 21 586
318 22 534
318 28 1044
318 30 1274
318 38 1803
318 57 1140
318 69 1701
318 124 5045
319 0 13
319 1 35
319 2 95
319 3 143
319 4 182
319 5 487
319 7 186
319 9 318
319 14 809
319 15 602
319 16 1862
319 18 441
319 25 573
319 28 1323
319 29 676
319 32 1170
320 0 9
320 1 99
320 2 115
320 3 113
320 4 112
320 6 305
320 7 354
320 9 385
320 15 702
320 17 767
320 21 1058
320 23 855
320 28 812
320 33 1595
320 34 907
320 42 3011
320 46 1409
321 0 25
321 1 38
321 2 158
321 3 314
321 4 94
321 6 139
321 7 190
321 8 463
321 9 220
321 10 216
321 11 1097
321 15 387
321 17 690
321 19 560
321 24 561
321 27 819
321 32 1046
321 43 1559
321 52 2261
321 53 3314
321 95 4028
321 188 6783
322 0 37
322 1 56
322 2 172
322 4 136
322 5 353
322 6 136
322 9 218
322 11 267
322 15 359
322 16 731
322 17 694
322 21 708
322 22 674
322 24 488
322 25 566
322 29 867
322 47 1599
322 54 1296
322 65 2761
323 0 38
323 1 59
323 2 56
323 3 152
323 4 208
323 5 224
323 7 500
323 9 261
323 11 278
323 13 524
323 16 511
323 20 741
323 21 710
323 24 678
323 26 1341
323 32 837
323 37 1114
323 44 1414
323 62 1843
323 123 2806
323 139 6020
324 0 26
324 1 67
324 2 78
324 3 105
324 6 238
324 7 205
324 8 337
324 9 313
324 13 393
324 16 688
324 17 614
324 20 1836
324 21 587
324 31 903
324 35 878
324 36 1580
324 38 1026
324 42 1258
324 153 4617
325 0 66
325 1 139
325 2 67
325 3 125
325 5 176
325 6 270
325 8 209
325 9 932
325 11 493
325 13 646
325 14 331
325 15 400
325 16 1295
325 20 915
325 21 1849
325 22 619
325 24 489
325 25 886
325 32 985
325 35 1453
325 55 1472
325 68 1954
325 72 1518
325 84 1898
326 0 39
326 1 36
326 2 90
326 3 286
326 4 91
326 5 258
326 6 301
326 8 248
326 11 712
326 13 537
326 15 583
326 16 641
326 27 654
326 28 1055
326 39 1720
326 72 2039
327 0 40
327 1 45
327 2 110
327 3 73
327 5 175
327 7 221
327 9 380
327 11 265
327 18 397
327 19 1012
327 25 871
327 26 1465
327 32 831
327 33 1014
327 44 1308
327 52 2079
327 67 2633
327 69 2319
328 0 29
328 1 56
328 3 163
328 4 108
328 5 167
328 6 146
328 7 300
328 8 443
328 9 503
328 10 390
328 11 1060
328 17 703
328 18 551
328 21 621
328 22 790
328 31 1017
328 40 1308
328 61 1531
328 89 2775
328 109 2431
328 162 4058
329 0 56
329 1 38
329 2 110
329 3 74
329 4 277
329 5 332
329 6 436
329 7 379
329 11 557
329 14 519
329 15 628
329 16 566
329 20 674
329 21 1024
329 22 853
329 30 713
329 35 1437
329 44 975
329 48 1142
329 55 1428
329 57 1184
329 64 1580
329 74 2536
330 0 18
330 1 36
330 2 99
330 3 214
330 5 342
330 7 299
330 8 292
330 10 365
330 13 706
330 16 648
330 17 472
330 20 488
330 21 461
330 22 880
330 27 1123
330 31 1063
330 33 774
330 34 806
330 44 1291
330 45 854
330 46 2004
330 48 1146
330 50 2208
330 97 2813
331 0 62
331 1 65
331 3 211
331 4 277
331 5 150
331 6 122
331 7 189
331 8 203
331 9 257
331 10 680
331 13 1582
331 14 678
331 21 664
331 22 959
331 23 1345
331 25 747
331 29 828
331 30 724
331 37 1291
331 138 4316
331 139 3946
332 0 26
332 1 96
332 2 45
332 7 118
332 8 197
332 9 211
332 10 376
332 13 452
332 14 340
332 15 503
332 18 1098
332 23 726
332 35 1639
332 36 1015
332 41 1001
332 58 1769
333 0 41
333 1 23
333 2 117
333 3 375
333 4 96
333 5 341
333 6 197
333 7 432
333 9 572
333 11 735
333 12 270
333 13 851
333 20 649
333 22 517
333 34 1315
333 36 1861
333 37 1632
333 39 1152
333 42 864
333 45 1185
333 66 2278
333 110 2878
334 0 42
334 1 43
334 2 124
334 5 224
334 6 175
334 10 289
334 12 307
334 13 308
334 15 679
334 17 525
334 19 419
334 20 571
334 21 451
334 23 506
334 28 609
334 35 971
334 39 1498
334 50 2189
334 53 1134
335 0 30
335 1 30
335 3 103
335 4 235
335 6 148
335 7 177
335 11 514
335 12 428
335 13 381
335 14 671
335 15 649
335 18 500
335 24 812
335 42 954
335 50 1815
335 68 2207
335 85 2314
335 99 2777
336 0 36
336 1 49
336 2 223
336 4 549
336 5 193
336 6 183
336 7 451
336 8 245
336 11 419
336 12 562
336 14 365
336 15 387
336 18 437
336 25 607
336 28 629
336 54 1307
336 57 2131
336 74 3678
336 90 2152
337 0 83
337 1 38
337 2 92
337 3 87
337 4 185
337 5 140
337 6 136
337 7 200
337 10 326
337 11 297
337 12 255
337 26 573
337 38 902
337 43 956
337 67 2310
337 74 2365
337 79 2601
337 95 2960
338 0 64
338 1 25
338 2 90
338 4 94
338 6 178
338 7 245
338 8 183
338 9 230
338 11 402
338 12 516
338 14 469
338 15 464
338 19 1372
338 21 711
338 23 848
338 31 791
338 34 1263
338 35 779
338 44 2939
338 68 2457
338 73 4697
338 75 2041
339 0 78
339 1 50
339 2 54
339 4 128
339 5 320
339 7 237
339 9 340
339 10 412
339 12 462
339 14 410
339 15 729
339 18 471
339 21 435
339 23 1024
339 25 825
339 27 690
339 28 1095
339 29 685
339 32 1096
339 82 3761
339 147 4435
339 161 3961
340 0 121
340 1 78
340 2 81
340 3 199
340 5 236
340 6 188
340 7 246
340 9 229
340 10 275
340 12 625
340 13 524
340 15 373
340 19 816
340 24 704
340 28 618
340 37 1283
340 38 819
340 167 4291
341 0 152
341 1 48
341 2 357
341 3 141
341 4 235
341 5 325
341 7 176
341 9 379
341 10 300
341 11 442
341 15 471
341 20 751
341 28 859
341 36 1371
341 59 1880
341 171 4590
342 0 2
342 1 53
342 2 57
342 3 281
342 4 124
342 6 156
342 10 242
342 16 531
342 18 671
342 19 646
342 34 796
342 47 1789
342 49 989
343 0 52
343 1 90
343 2 217
343 5 136
343 6 160
343 7 158
343 9 396
343 11 524
343 16 408
343 19 1098
343 21 731
343 28 658
343 29 1001
343 31 1111
343 34 1323
343 35 885
343 38 1061
343 41 1326
343 47 1109
343 55 2371
344 0 30
344 1 127
344 3 169
344 4 311
344 7 321
344 8 393
344 9 714
344 14 346
344 16 483
344 17 468
344 21 556
344 23 794
344 26 635
344 27 1106
344 32 643
344 37 1175
344 50 1611
344 89 2222
345 0 78
345 1 42
345 2 132
345 3 205
345 4 229
345 5 119
345 6 151
345 7 669
345 11 592
345 12 533
345 18 541
345 20 505
345 33 931
345 36 1104
345 45 1729
345 49 1215
345 58 2088
345 83 2016
345 84 2584
345 106 3058
345 115 3569
346 0 21
346 1 43
346 2 70
346 3 112
346 6 314
346 7 453
346 8 303
346 9 242
346 13 520
346 15 1356
346 16 561
346 18 677
346 20 637
346 21 639
346 24 1968
346 31 682
346 34 993
346 60 2161
346 93 2768
347 0 21
347 1 32
347 2 73
347 3 86
347 4 359
347 5 249
347 6 213
347 9 587
347 11 745
347 14 559
347 16 459
347 19 467
347 23 861
347 28 717
347 30 1195
347 37 1701
347 40 1425
347 45 1581
347 47 3633
347 58 1556
347 163 4672
348 0 29
348 1 27
348 2 94
348 3 75
348 5 170
348 6 202
348 7 682
348 8 198
348 10 300
348 11 459
348 12 412
348 15 509
348 17 559
348 21 1030
348 27 854
348 29 731
348 30 621
348 34 836
348 35 832
348 44 1167
348 46 1962
348 48 1359
348 55 1794
348 77 2483
348 138 6145
349 0 14
349 1 35
349 2 94
349 3 218
349 4 122
349 6 168
349 7 186
349 8 285
349 9 355
349 10 274
349 11 298
349 12 403
349 14 466
349 15 395
349 18 910
349 20 704
349 25 678
349 32 703
349 37 1116
349 38 1035
349 39 946
349 54 2099
349 61 1868
349 85 2664
349 98 2576
349 129 3976
349 135 3443
350 0 20
350 1 29
350 2 77
350 3 149
350 4 174
350 6 198
350 7 164
350 9 789
350 11 741
350 15 691
350 19 442
350 20 652
350 25 536
350 30 711
350 31 900
350 32 755
350 36 1389
351 0 14
351 1 30
351 2 92
351 5 194
351 7 272
351 11 292
351 13 665
351 15 385
351 16 435
351 18 415
351 19 532
351 21 921
351 23 815
351 26 875
351 27 847
351 28 970
351 30 1524
351 36 852
351 39 1266
351 50 2913
352 0 27
352 1 31
352 2 103
352 3 134
352 6 253
352 7 191
352 9 304
352 12 400
352 17 653
352 18 885
352 21 716
352 24 989
352 31 767
352 45 1322
352 53 5075
352 121 3658
353 0 38
353 1 32
353 2 118
353 3 90
353 5 184
353 6 330
353 7 321
353 8 362
353 10 407
353 11 237
353 14 402
353 15 376
353 16 519
353 22 625
353 23 600
353 24 1067
353 29 690
353 31 1462
353 32 921
353 38 1110
353 40 1027
353 59 1523
353 70 2406
353 88 1992
353 131 3497
354 0 61
354 1 47
354 2 69
354 3 394
354 4 221
354 5 238
354 6 171
354 7 696
354 8 420
354 10 346
354 13 661
354 15 736
354 16 612
354 17 903
354 18 541
354 19 527
354 21 770
354 24 1506
354 25 985
354 26 686
354 32 1058
354 33 1446
354 38 973
354 63 2400
354 94 3091
355 0 41
355 1 42
355 2 79
355 3 144
355 4 109
355 5 141
355 6 144
355 8 281
355 11 262
355 12 473
355 13 350
355 16 776
355 19 411
355 22 516
355 24 597
355 26 597
355 31 1094
355 48 1489
355 83 3068
356 0 31
356 1 31
356 2 84
356 4 94
356 5 151
356 9 402
356 12 360
356 13 306
356 15 407
356 22 622
356 23 559
356 25 1523
356 29 729
356 34 1338
356 37 829
356 57 1803
356 58 1817
356 156 4192
357 0 10
357 1 33
357 2 66
357 5 246
357 7 217
357 8 294
357 15 344
357 22 872
357 23 1063
357 34 1113
357 36 803
357 38 1237
357 102 2310
358 0 14
358 1 37
358 2 203
358 3 87
358 4 247
358 5 150
358 6 181
358 7 236
358 8 204
358 9 296
358 12 254
358 13 459
358 14 534
358 15 995
358 19 442
358 22 994
358 23 986
358 25 936
358 39 1087
359 0 59
359 1 45
359 2 217
359 4 287
359 5 220
359 6 150
359 7 290
359 8 280
359 9 538
359 10 220
359 11 271
359 14 359
359 15 342
359 18 562
359 21 610
359 31 781
359 35 1367
359 39 1040
359 123 4548
360 0 11
360 1 35
360 2 72
360 3 217
360 4 124
360 5 261
360 6 258
360 8 1186
360 11 750
360 12 305
360 13 405
360 14 616
360 17 373
360 23 528
360 33 859
360 53 2768
360 62 1991
360 82 2737
361 0 40
361 1 35
361 2 389
361 3 108
361 5 555
361 7 257
361 8 413
361 10 277
361 11 314
361 12 478
361 13 345
361 14 344
361 21 710
361 24 727
361 34 1862
361 40 1174
361 70 1867
361 93 2745
361 95 2544
362 0 12
362 1 100
362 4 107
362 5 208
362 8 388
362 9 374
362 10 576
362 11 276
362 12 531
362 13 1137
362 14 1000
362 17 710
362 21 546
362 22 1554
362 29 742
362 31 2035
362 39 890
362 50 1337
362 60 1698
362 85 1963
363 0 26
363 1 70
363 2 154
363 3 85
363 4 156
363 5 145
363 6 180
363 11 419
363 14 422
363 17 392
363 18 640
363 27 736
363 40 1377
363 95 2383
363 114 3796
364 0 51
364 1 24
364 2 49
364 3 103
364 7 177
364 9 429
364 12 320
364 15 408
364 16 592
364 17 868
364 18 445
364 20 737
364 28 653
364 29 617
364 30 935
364 39 1260
364 40 1160
364 44 1617
364 50 2428
364 54 1585
364 62 2287
364 72 2499
364 73 2268
364 98 2590
364 104 2727
364 112 3204
365 0 101
365 1 78
365 3 72
365 4 127
365 5 172
365 7 475
365 10 499
365 12 377
365 15 406
365 20 958
365 27 833
365 55 1700
366 0 52
366 1 48
366 2 44
366 4 151
366 5 230
366 7 224
366 8 566
366 10 276
366 12 351
366 14 366
366 15 345
366 18 458
366 24 672
366 27 682
366 36 858
366 37 1549
366 39 1347
366 56 1434
366 61 2178
367 0 55
367 1 36
367 2 97
367 3 213
367 4 146
367 5 311
367 6 510
367 7 306
367 10 232
367 11 335
367 14 330
367 15 344
367 17 389
367 20 917
367 24 696
367 27 1653
367 37 1238
367 39 910
367 42 1605
367 44 1507
367 60 2173
368 0 15
368 1 54
368 2 43
368 4 205
368 6 161
368 11 557
368 18 499
368 22 477
368 42 1175
368 45 1418
368 59 1677
368 78 2517
368 81 2180
368 103 3708
369 0 116
369 1 46
369 2 83
369 3 114
369 7 340
369 8 273
369 9 346
369 10 524
369 11 240
369 13 358
369 14 620
369 15 353
369 17 651
369 18 685
369 20 430
369 24 926
369 28 995
369 30 789
369 31 861
369 86 3832
369 95 4206
370 0 44
370 1 40
370 2 66
370 3 137
370 5 139
370 6 309
370 7 400
370 8 323
370 9 745
370 10 406
370 11 390
370 14 966
370 17 578
370 19 1194
370 20 531
370 30 855
370 38 940
370 41 1034
370 47 1259
370 73 2121
370 84 3202
370 93 2974
370 142 3470
371 0 20
371 1 60
371 2 102
371 4 126
371 5 144
371 6 246
371 7 190
371 9 325
371 12 357
371 13 1039
371 16 653
371 17 392
371 20 501
371 21 606
371 23 620
371 24 2653
371 28 717
371 36 816
371 53 1616
371 83 2370
372 0 26
372 1 52
372 3 149
372 5 170
372 10 289
372 13 363
372 14 562
372 20 659
372 29 1478
372 30 756
372 53 1485
372 72 2203
372 73 2528
372 93 2953
372 96 4640
372 105 3335
373 0 19
373 1 21
373 3 141
373 4 328
373 5 399
373 6 238
373 8 426
373 11 857
373 13 459
373 14 440
373 21 589
373 27 685
373 31 790
373 38 890
373 46 2090
373 50 1504
373 51 1730
373 52 1466
373 59 1921
373 138 5252
374 0 47
374 1 19
374 2 122
374 3 98
374 5 211
374 6 166
374 8 446
374 10 664
374 14 527
374 16 601
374 17 678
374 18 410
374 20 529
374 25 609
374 33 1091
375 0 10
375 1 39
375 2 88
375 3 131
375 5 148
375 7 194
375 15 384
375 24 584
375 31 850
375 35 942
375 39 926
375 45 2022
375 63 1726
375 100 3312
375 137 4941
376 0 6
376 1 33
376 2 105
376 3 177
376 4 211
376 5 287
376 6 181
376 12 620
376 13 794
376 15 460
376 19 838
376 22 498
376 23 624
376 35 1210
376 37 1168
376 38 1053
377 0 34
377 1 59
377 2 146
377 3 175
377 4 314
377 5 195
377 6 328
377 7 323
377 9 216
377 10 584
377 11 341
377 15 726
377 18 540
377 19 505
377 23 630
377 27 660
377 29 1415
377 30 827
377 33 861
377 44 1504
377 62 3253
377 65 2688
377 135 3643
378 0 56
378 1 40
378 2 72
378 3 146
378 4 114
378 5 1081
378 7 535
378 10 425
378 12 480
378 13 594
378 14 726
378 20 644
378 26 733
378 31 800
378 32 1418
378 37 863
378 38 824
378 39 1195
378 51 1366
378 126 2906
378 127 3310
379 0 16
379 1 34
379 2 82
379 3 84
379 5 290
379 8 350
379 9 467
379 10 311
379 11 330
379 12 479
379 13 670
379 15 1034
379 17 538
379 28 928
379 34 1823
379 42 1435
379 50 1676
379 80 3367
379 125 3217
380 0 57
380 1 79
380 2 84
380 3 180
380 5 174
380 6 177
380 7 192
380 11 613
380 12 288
380 13 433
380 14 1198
380 16 525
380 19 798
380 25 824
380 30 1018
380 31 1007
380 35 1180
380 36 1094
380 37 1757
380 39 888
380 50 1923
380 53 1999
380 63 1885
381 0 32
381 1 43
381 2 275
381 3 188
381 5 242
381 7 282
381 10 398
381 11 335
381 13 472
381 14 641
381 18 430
381 19 483
381 23 826
381 24 876
381 32 1523
381 36 1180
381 37 929
381 74 3236
381 106 3635
381 108 2515
382 0 10
382 1 107
382 2 114
382 3 186
382 4 339
382 5 189
382 11 870
382 12 297
382 13 368
382 15 348
382 16 556
382 24 862
382 25 601
382 26 622
382 27 861
382 29 831
382 33 1403
382 34 926
382 38 845
382 55 1496
382 74 2862
382 87 2000
383 0 96
383 1 22
383 2 173
383 3 120
383 4 154
383 10 340
383 15 637
383 19 500
383 20 1948
383 24 873
383 53 2277
383 78 2281
383 91 4741
383 103 2633
384 0 92
384 1 57
384 2 170
384 3 144
384 6 326
384 9 299
384 10 351
384 11 282
384 19 655
384 23 608
384 25 1241
384 31 844
384 33 1556
384 36 1175
384 105 4130
384 125 3605
385 0 44
385 1 87
385 2 95
385 3 154
385 4 138
385 5 119
385 6 317
385 9 238
385 12 322
385 13 397
385 14 425
385 15 437
385 21 630
385 33 1004
385 38 1272
385 39 1243
385 46 1101
385 48 1440
385 58 1786
385 104 3647
386 0 130
386 1 38
386 2 109
386 3 74
386 4 140
386 7 297
386 8 403
386 9 712
386 11 346
386 12 487
386 15 814
386 18 555
386 22 1193
386 23 556
386 54 1493
386 92 2691
387 0 87
387 1 42
387 2 98
387 3 277
387 4 193
387 5 419
387 6 406
387 7 212
387 8 229
387 9 221
387 10 603
387 11 526
387 13 410
387 15 1287
387 16 556
387 27 1031
387 28 1114
387 33 899
387 35 793
387 37 1009
387 47 1131
387 55 2819
387 65 2076
387 72 2174
387 88 2496
387 97 2712
388 0 39
388 1 42
388 2 80
388 3 180
388 6 159
388 8 224
388 12 399
388 17 354
388 18 779
388 23 725
388 24 705
388 29 1152
388 31 1236
388 38 942
388 67 2130
389 1 52
389 7 278
389 10 245
389 11 297
389 12 346
389 15 407
389 17 548
389 30 1420
389 33 935
389 37 1028
389 42 1488
389 61 2347
390 0 86
390 1 83
390 2 229
390 3 108
390 4 313
390 5 250
390 6 155
390 7 392
390 8 661
390 11 539
390 16 689
390 17 692
390 19 677
390 23 973
390 25 625
390 29 719
390 37 1121
390 44 1772
390 63 2683
390 64 1900
390 86 2179
390 89 3015
391 0 31
391 1 56
391 2 180
391 3 315
391 5 182
391 6 222
391 7 176
391 11 248
391 12 269
391 15 433
391 16 440
391 17 651
391 18 746
391 21 982
391 32 881
391 36 1040
391 41 1127
391 61 1962
391 68 2204
391 72 3498
391 107 2764
391 119 3326
392 0 97
392 1 91
392 2 141
392 3 91
392 6 769
392 7 304
392 12 281
392 15 448
392 16 420
392 19 446
392 23 1016
392 24 1584
392 27 1083
392 28 1212
392 30 1065
392 52 2545
392 107 2903
392 111 3140
393 0 128
393 1 35
393 2 46
393 3 73
393 4 127
393 5 207
393 11 839
393 13 563
393 14 648
393 15 374
393 16 690
393 19 479
393 21 754
393 23 749
393 25 1176
393 28 736
393 51 1155
393 62 2225
393 68 1759
393 119 3399
394 0 62
394 1 47
394 2 111
394 3 106
394 5 191
394 6 365
394 7 419
394 8 540
394 9 342
394 10 587
394 11 334
394 12 308
394 14 543
394 15 434
394 17 447
394 18 556
394 22 904
394 25 1204
394 26 1750
394 29 717
394 33 1369
394 37 1393
394 51 1412
394 118 2798
395 0 20
395 1 33
395 2 124
395 3 334
395 4 106
395 5 138
395 14 712
395 15 393
395 17 646
395 20 548
395 26 1460
395 27 766
395 49 2184
395 58 2577
396 0 23
396 1 43
396 2 53
396 5 199
396 7 529
396 8 285
396 9 388
396 11 262
396 12 283
396 18 464
396 19 699
396 22 566
396 28 799
396 33 784
396 47 1340
396 56 1694
396 93 2475
397 0 21
397 1 47
397 3 152
397 5 448
397 6 157
397 8 278
397 15 774
397 16 477
397 17 772
397 18 732
397 22 867
397 24 840
397 31 823
397 57 1900
398 0 42
398 1 154
398 2 137
398 4 134
398 5 401
398 6 434
398 11 495
398 12 270
398 15 542
398 17 451
398 21 567
398 22 596
398 25 783
398 28 769
398 31 813
398 38 1814
398 41 2780
398 53 1379
398 102 2664
399 0 26
399 1 161
399 2 62
399 3 86
399 4 182
399 5 135
399 6 188
399 7 357
399 11 288
399 13 404
399 16 1135
399 17 943
399 19 436
399 24 1176
399 28 789
399 47 1508
399 106 2817
400 0 16
400 1 100
400 3 108
400 8 208
400 9 506
400 10 358
400 11 250
400 19 659
400 20 871
400 29 681
400 30 856
400 33 936
400 41 1039
400 55 1454
400 81 2697
400 112 3155
401 0 41
401 1 59
401 2 150
401 3 107
401 4 221
401 5 150
401 6 211
401 10 584
401 13 578
401 18 444
401 30 1176
401 65 1627
401 90 2169
401 111 3116
402 0 18
402 1 53
402 2 117
402 5 129
402 6 604
402 8 458
402 9 555
402 10 238
402 11 380
402 14 402
402 17 397
403 0 72
403 1 75
403 2 115
403 4 589
403 5 195
403 6 302
403 8 224
403 9 638
403 11 364
403 13 658
403 15 666
403 16 407
403 17 628
403 18 575
403 21 1239
403 37 1182
403 38 908
403 42 1227
403 73 2562
403 97 3298
404 0 37
404 1 41
404 2 105
404 3 106
404 4 551
404 5 128
404 6 424
404 11 307
404 16 521
404 19 710
404 23 1585
404 24 753
404 34 926
404 44 1843
404 49 2360
404 73 2193
404 101 3116
405 0 45
405 1 39
405 3 105
405 7 672
405 8 212
405 9 293
405 10 346
405 26 743
405 29 1437
405 44 1529
406 0 108
406 1 55
406 2 73
406 4 124
406 5 133
406 6 191
406 8 345
406 9 654
406 10 775
406 11 290
406 13 600
406 24 766
406 27 754
406 30 781
406 32 1646
406 45 1504
406 77 1847
406 84 2464
406 88 2247
406 97 3224
406 99 3302
407 0 20
407 1 45
407 2 55
407 3 148
407 5 170
407 12 310
407 14 605
407 17 547
407 20 544
407 21 1541
407 23 1203
407 28 739
407 30 1307
407 51 1455
407 52 2144
407 58 2316
407 86 2585
407 101 2514
407 105 2536
408 0 23
408 1 35
408 2 115
408 3 96
408 5 286
408 6 202
408 14 589
408 16 761
408 21 488
408 25 1752
408 27 641
408 34 1716
408 58 2204
408 65 1986
408 67 1864
408 98 3365
409 0 103
409 1 66
409 2 63
409 3 96
409 4 138
409 6 358
409 9 564
409 10 303
409 11 330
409 12 573
409 13 420
409 15 499
409 19 1072
409 25 694
409 47 1487
409 64 1669
409 81 2668
410 0 33
410 1 113
410 2 64
410 3 121
410 4 365
410 6 303
410 7 218
410 9 430
410 10 277
410 12 863
410 15 552
410 18 538
410 20 560
410 22 517
410 24 560
410 30 1288
410 44 1213
410 45 1068
410 62 1489
410 90 3761
411 0 42
411 1 38
411 2 98
411 4 147
411 5 299
411 6 188
411 7 237
411 8 213
411 9 368
411 12 357
411 13 341
411 16 661
411 17 462
411 18 528
411 26 923
411 28 1137
411 30 1010
411 32 1552
411 33 1335
411 36 1559
411 59 1745
411 62 2205
411 63 2523
412 0 117
412 1 116
412 2 60
412 3 163
412 5 184
412 8 713
412 9 268
412 10 556
412 13 403
412 14 583
412 15 589
412 20 588
412 31 922
412 41 1017
412 50 1855
412 100 3130
413 0 56
413 1 48
413 2 126
413 3 246
413 4 329
413 5 398
413 7 429
413 8 292
413 9 235
413 10 259
413 16 863
413 21 1013
413 24 709
413 25 569
413 27 1446
413 35 1124
413 45 2513
413 49 1506
414 0 83
414 1 42
414 2 107
414 3 164
414 5 157
414 7 537
414 8 250
414 9 219
414 14 485
414 15 813
414 17 393
414 19 536
414 30 1565
414 34 1678
414 48 1485
414 62 2464
414 98 3443
415 0 111
415 1 88
415 2 110
415 3 151
415 4 136
415 5 129
415 6 195
415 7 305
415 8 394
415 9 459
415 10 336
415 11 734
415 13 579
415 14 1210
415 15 520
415 17 423
415 20 589
415 24 768
415 25 982
415 34 1089
415 40 1182
415 63 1967
416 0 156
416 1 93
416 2 241
416 3 142
416 4 315
416 5 330
416 7 441
416 8 261
416 10 703
416 13 953
416 14 558
416 17 522
416 18 820
416 26 775
416 29 874
416 32 1623
416 46 1273
416 72 2523
417 0 107
417 1 71
417 2 151
417 3 137
417 4 146
417 5 124
417 6 485
417 7 445
417 8 341
417 10 759
417 13 623
417 18 419
417 19 917
417 27 1501
417 34 1031
417 36 1215
417 40 1445
417 57 1823
417 77 2305
417 87 3777
417 88 2746
418 0 111
418 1 85
418 2 198
418 3 103
418 8 266
418 9 364
418 11 356
418 15 511
418 17 733
418 20 514
418 23 652
418 27 688
418 29 1575
418 36 1142
418 43 1083
418 50 1407
418 63 2195
419 0 23
419 1 80
419 2 106
419 3 243
419 4 158
419 6 151
419 7 155
419 8 217
419 9 228
419 10 365
419 11 593
419 15 627
419 16 804
419 19 1177
419 30 1222
419 32 830
419 35 939
419 47 1727
419 51 1380
419 60 1801
419 73 2311
419 93 2749
420 0 81
420 1 43
420 2 378
420 3 142
420 4 262
420 5 173
420 6 163
420 7 323
420 8 1020
420 10 459
420 11 406
420 16 1906
420 27 883
420 28 863
420 31 985
420 36 1170
420 38 1405
420 49 2261
420 59 2024
420 60 2576
420 61 2134
420 62 2725
420 75 1746
421 0 37
421 1 56
421 2 287
421 4 108
421 5 194
421 6 290
421 8 511
421 11 395
421 15 422
421 17 867
421 19 619
421 22 802
421 24 631
421 25 1272
421 26 1066
421 91 3163
422 0 24
422 1 37
422 2 90
422 3 194
422 4 147
422 5 341
422 6 226
422 7 399
422 8 320
422 10 584
422 11 574
422 12 380
422 16 771
422 17 819
422 19 565
422 21 711
422 24 594
422 33 1266
422 35 946
422 47 1651
422 48 1239
422 77 2403
423 0 336
423 1 198
423 2 108
423 3 101
423 4 144
423 5 317
423 6 262
423 7 200
423 13 438
423 14 629
423 20 567
423 22 912
423 31 888
423 35 1297
423 47 1268
423 52 1368
423 56 1418
423 65 2243
423 68 2288
423 86 2004
424 0 90
424 1 46
424 2 82
424 4 840
424 6 307
424 7 249
424 8 460
424 9 260
424 11 649
424 12 488
424 23 695
424 30 957
424 32 941
424 34 1116
424 35 964
424 38 2075
424 41 1757
424 55 2310
424 59 2130
425 0 139
425 1 19
425 2 80
425 3 114
425 4 482
425 5 375
425 7 173
425 9 210
425 10 340
425 13 475
425 15 637
425 16 538
425 20 457
425 26 1128
425 28 696
425 31 869
425 39 1478
425 55 2003
426 0 211
426 1 75
426 2 66
426 4 233
426 5 254
426 8 261
426 9 664
426 17 471
426 20 720
426 21 877
426 29 1488
426 31 1575
426 57 2701
426 75 1861
427 0 59
427 1 125
427 2 162
427 3 83
427 4 472
427 6 198
427 8 266
427 10 493
427 11 489
427 12 335
427 13 862
427 14 389
427 16 1097
427 18 522
427 20 762
427 21 672
427 25 840
427 27 911
427 40 1642
427 85 2123
428 0 156
428 1 145
428 2 123
428 3 80
428 4 126
428 5 456
428 6 292
428 7 180
428 9 303
428 11 503
428 13 301
428 14 1419
428 15 956
428 16 647
428 20 1049
428 23 553
428 24 691
428 25 829
428 26 621
428 29 1042
428 37 908
428 84 3363
429 0 40
429 1 71
429 2 185
429 3 231
429 4 284
429 5 271
429 6 328
429 8 213
429 9 401
429 10 946
429 15 572
429 16 434
429 17 637
429 19 481
429 30 1233
429 64 1622
429 67 2324
429 77 1849
430 0 74
430 1 73
430 2 210
430 3 176
430 4 245
430 5 134
430 7 175
430 8 297
430 11 388
430 14 847
430 17 479
430 18 746
430 23 1059
430 27 739
430 29 1039
430 30 661
430 31 996
430 53 1246
430 59 1766
430 63 1754
430 67 1758
430 69 2371
431 0 50
431 1 33
431 2 168
431 3 193
431 16 477
431 17 591
431 25 820
431 28 869
431 29 933
431 30 1283
431 37 1234
431 40 1906
431 48 1145
431 60 1534
431 81 2737
432 0 22
432 1 55
432 2 92
432 3 74
432 7 399
432 8 217
432 10 320
432 11 516
432 13 1082
432 14 548
432 16 693
432 21 1355
432 35 1083
432 42 1357
432 45 2003
432 66 2292
433 0 117
433 1 37
433 2 62
433 3 355
433 4 131
433 5 179
433 7 259
433 8 336
433 10 342
433 14 442
433 16 754
433 18 595
433 19 512
433 25 1077
433 26 1804
433 27 1193
433 33 1215
433 39 1298
433 50 1333
434 0 139
434 1 148
434 3 456
434 6 244
434 7 540
434 8 400
434 9 336
434 12 427
434 14 495
434 17 848
434 23 916
434 27 839
434 29 829
434 37 1119
434 43 1070
434 52 1520
434 61 1310
435 0 209
435 1 41
435 2 68
435 3 103
435 4 309
435 5 197
435 6 266
435 8 654
435 10 358
435 13 459
435 17 1032
435 18 959
435 19 940
435 20 477
435 24 586
435 28 1286
435 46 1479
435 61 2255
435 69 2917
435 77 2257
436 0 106
436 1 186
436 2 77
436 4 183
436 8 284
436 9 246
436 11 246
436 12 432
436 15 335
436 16 553
436 20 1150
436 22 1380
436 23 616
436 24 1005
436 32 1119
437 0 84
437 1 96
437 3 100
437 5 367
437 8 228
437 9 398
437 10 305
437 13 548
437 19 478
437 20 867
437 21 764
437 25 811
437 28 910
437 35 818
437 37 1497
437 65 1730
437 69 2131
437 74 1949
438 0 55
438 1 150
438 2 278
438 3 314
438 4 183
438 6 516
438 7 302
438 20 1217
438 21 821
438 22 900
438 23 564
438 28 880
438 48 1309
438 66 1873
438 74 2044
439 0 274
439 1 26
439 2 149
439 3 85
439 7 524
439 9 320
439 10 387
439 12 934
439 16 589
439 20 757
439 23 836
439 27 1326
439 30 880
439 31 2143
439 43 1913
439 73 2069
440 0 61
440 1 110
440 2 78
440 3 179
440 5 565
440 6 260
440 8 1051
440 10 448
440 11 755
440 13 311
440 16 1324
440 21 1281
440 29 677
440 47 1565
440 48 1746
440 51 1549
440 72 2331
441 0 62
441 1 41
441 2 172
441 3 200
441 4 315
441 5 117
441 6 151
441 7 220
441 8 327
441 10 256
441 14 411
441 15 586
441 16 693
441 18 981
441 19 809
441 22 853
441 40 871
441 43 1350
441 51 1578
441 54 1403
441 71 1913
442 0 89
442 1 261
442 3 656
442 4 131
442 12 741
442 19 487
442 22 1250
442 25 592
442 28 1837
442 29 2558
442 54 1688
442 57 2065
442 59 1829
442 64 1907
442 67 1818
442 69 1667
442 70 2404
443 0 41
443 1 64
443 2 98
443 3 111
443 4 120
443 5 400
443 6 377
443 7 466
443 8 247
443 10 476
443 12 578
443 14 588
443 17 415
443 20 632
443 28 558
443 50 1499
443 61 2172
444 0 57
444 1 176
444 2 201
444 3 132
444 4 161
444 5 338
444 7 459
444 14 491
444 16 403
444 27 765
444 66 2505
444 68 1922
445 0 87
445 1 40
445 2 145
445 3 132
445 4 221
445 5 305
445 9 192
445 10 637
445 11 410
445 13 1103
445 14 514
445 16 1540
445 21 766
445 26 1121
445 30 899
445 37 1430
445 40 1720
445 45 1382
445 46 1615
445 55 1751
445 65 1457
445 67 1688
446 0 23
446 1 237
446 2 530
446 3 190
446 5 235
446 13 774
446 15 342
446 20 1007
446 25 804
446 29 855
446 30 941
446 41 981
446 42 1173
446 47 1382
446 48 2208
446 52 2707
446 54 1447
446 58 2108
447 0 39
447 1 144
447 3 166
447 5 392
447 6 229
447 7 376
447 8 362
447 9 547
447 10 374
447 11 459
447 15 369
447 16 712
447 20 623
447 21 827
447 28 799
447 31 1231
447 40 1336
447 55 1695
448 0 111
448 1 153
448 4 177
448 5 291
448 6 326
448 7 504
448 8 186
448 10 433
448 11 305
448 12 456
448 13 286
448 16 528
448 19 726
448 21 765
448 26 982
448 27 728
448 29 914
448 45 1344
448 52 1819
448 59 1992
448 62 2226
448 64 2172
449 0 52
449 1 199
449 2 146
449 4 335
449 5 331
449 7 368
449 10 690
449 12 315
449 13 385
449 14 597
449 18 564
449 22 1088
449 24 680
449 25 659
449 30 861
449 34 844
449 35 1712
449 44 1462
449 50 1420
450 0 129
450 1 59
450 2 150
450 3 168
450 4 237
450 6 342
450 8 577
450 10 373
450 11 249
450 20 1697
450 33 1669
451 0 80
451 1 58
451 2 57
451 3 121
451 5 213
451 7 788
451 8 213
451 9 541
451 11 399
451 12 334
451 13 396
451 19 496
451 21 761
451 23 555
451 42 2856
451 60 1648
451 61 1733
452 0 100
452 1 146
452 2 124
452 5 388
452 7 220
452 9 253
452 10 465
452 14 397
452 17 443
452 18 615
452 20 963
452 39 1012
452 57 1395
453 0 57
453 1 150
453 2 155
453 4 752
453 5 282
453 8 631
453 16 657
453 17 670
453 20 586
453 21 635
453 22 1827
453 30 703
453 32 2684
453 37 1361
453 38 1195
453 41 1616
453 50 1203
453 52 1387
453 55 1608
454 0 93
454 1 91
454 2 187
454 3 84
454 4 480
454 6 391
454 7 688
454 8 345
454 12 541
454 13 871
454 17 655
454 20 701
454 22 618
454 24 698
454 26 818
454 27 910
454 28 1205
454 30 803
454 32 1040
454 42 1645
454 54 1703
455 0 180
455 1 111
455 3 295
455 4 407
455 5 174
455 8 647
455 9 693
455 11 287
455 12 533
455 14 373
455 15 562
455 17 675
455 19 633
455 20 763
455 21 583
455 25 877
455 36 1593
455 41 1241
455 43 1590
455 53 1777
455 57 1504
456 0 148
456 1 108
456 2 231
456 3 293
456 4 110
456 5 392
456 6 165
456 7 205
456 11 406
456 12 403
456 15 437
456 16 935
456 18 495
456 20 534
456 22 1341
456 24 801
456 27 1037
456 32 905
456 33 955
456 38 2054
456 46 1350
456 52 1643
456 56 1698
457 0 14
457 1 65
457 2 207
457 3 437
457 4 106
457 5 238
457 9 547
457 14 741
457 23 648
457 26 1285
457 29 837
457 31 1415
457 35 1657
457 36 823
457 50 1391
458 0 72
458 1 71
458 2 170
458 3 247
458 4 199
458 5 402
458 6 373
458 7 889
458 9 309
458 10 297
458 11 368
458 12 1143
458 13 811
458 15 671
458 17 461
458 20 1028
458 23 1168
458 24 1126
458 25 746
458 28 992
458 35 908
458 40 900
458 43 1379
459 0 189
459 1 77
459 2 100
459 3 216
459 4 302
459 5 306
459 7 260
459 8 260
459 10 453
459 11 559
459 12 433
459 15 462
459 16 664
459 20 691
459 22 951
459 24 1622
459 37 1188
459 42 1272
459 44 1581
459 51 1290
459 53 1781
460 0 67
460 1 81
460 2 150
460 4 221
460 6 360
460 8 471
460 9 465
460 10 299
460 12 296
460 13 472
460 14 485
460 16 813
460 17 474
460 19 499
460 20 1003
460 26 1486
460 29 1068
460 31 907
460 40 1060
460 41 949
460 43 1515
460 49 1311
461 0 56
461 1 109
461 2 138
461 3 85
461 4 328
461 5 184
461 6 289
461 8 224
461 9 276
461 12 623
461 15 1003
461 22 724
461 24 751
461 27 903
461 28 930
461 49 2291
461 51 1441
462 0 25
462 1 140
462 2 283
462 5 233
462 6 311
462 8 329
462 9 385
462 12 460
462 13 601
462 14 595
462 19 462
462 20 688
462 21 903
462 22 767
462 30 1174
462 32 792
462 36 1939
462 37 799
462 41 1001
462 43 1061
462 47 1903
462 49 1086
462 50 1479
463 0 119
463 1 151
463 2 178
463 3 193
463 4 552
463 5 218
463 6 528
463 17 538
463 18 404
463 21 564
463 23 840
463 26 636
463 28 1257
463 32 895
463 37 990
463 38 1495
463 49 1135
464 0 86
464 1 101
464 2 210
464 5 302
464 6 401
464 9 309
464 13 361
464 14 625
464 15 615
464 21 1053
464 22 624
464 27 780
464 33 1354
464 34 933
464 40 1018
464 48 1302
465 0 80
465 1 79
465 3 126
465 4 93
465 9 459
465 10 412
465 16 438
465 21 1234
465 25 1065
465 35 1462
465 40 1229
465 47 1365
466 0 20
466 1 156
466 2 174
466 3 190
466 4 256
466 7 940
466 11 300
466 12 316
466 13 365
466 14 1182
466 15 806
466 17 496
466 21 1232
466 29 1366
466 32 835
466 37 1163
466 39 1102
466 46 1171
467 0 80
467 1 89
467 2 66
467 3 503
467 6 287
467 7 205
467 9 735
467 12 345
467 14 346
467 15 396
467 18 1049
467 22 1154
467 27 694
467 37 1081
467 40 1188
467 45 1056
468 0 44
468 1 272
468 2 105
468 3 85
468 4 210
468 6 194
468 8 858
468 13 695
468 16 1083
468 21 501
468 25 893
468 27 847
468 31 1375
468 32 785
468 34 1651
468 37 1071
468 43 2211
469 0 89
469 1 262
469 2 87
469 3 78
469 4 224
469 6 665
469 7 570
469 10 247
469 11 299
469 12 660
469 13 590
469 14 478
469 16 537
469 19 890
469 24 663
469 28 814
469 33 2270
469 38 996
469 43 1477
470 0 128
470 1 80
470 2 306
470 3 85
470 4 125
470 5 226
470 8 1116
470 9 416
470 11 316
470 12 816
470 13 458
470 19 1304
470 25 983
470 26 1168
470 29 1225
470 33 879
470 35 2011
470 42 1393
471 0 52
471 1 83
471 3 298
471 4 144
471 8 539
471 9 433
471 10 1020
471 13 772
471 16 933
471 27 765
471 34 1316
471 35 1842
471 36 1708
471 39 1449
471 41 1503
472 0 129
472 2 245
472 3 444
472 4 139
472 6 328
472 7 194
472 8 408
472 9 304
472 10 430
472 14 404
472 15 639
472 16 433
472 22 645
472 23 622
472 24 937
473 0 150
473 1 70
473 2 150
473 3 343
473 4 238
473 12 1107
473 15 477
473 23 1086
473 25 688
473 28 928
473 31 848
473 35 2494
473 39 1012
474 0 67
474 1 70
474 2 137
474 3 146
474 4 552
474 5 118
474 7 388
474 8 246
474 10 379
474 12 357
474 13 423
474 14 379
474 17 481
474 19 563
474 22 669
474 25 763
474 27 985
474 31 974
474 33 1444
474 38 1006
475 0 77
475 1 154
475 2 85
475 3 224
475 5 141
475 6 538
475 7 487
475 10 313
475 12 469
475 15 436
475 17 727
475 18 530
475 20 787
475 21 546
475 22 702
475 25 871
475 29 823
475 35 826
475 37 1018
476 0 114
476 1 195
476 2 80
476 3 282
476 4 136
476 5 210
476 6 236
476 7 355
476 9 1184
476 10 359
476 13 521
476 20 754
476 22 990
476 23 705
476 28 917
476 29 709
476 31 910
476 34 1568
477 0 81
477 1 74
477 2 215
477 3 88
477 4 216
477 5 566
477 6 338
477 7 177
477 8 247
477 12 495
477 13 509
477 15 899
477 19 567
477 20 474
477 21 501
477 24 1166
477 32 1311
477 35 1155
478 0 104
478 1 83
478 2 146
478 3 492
478 4 1448
478 5 173
478 7 167
478 8 290
478 14 441
478 23 1269
478 27 936
478 28 888
478 31 860
478 34 1465
479 0 73
479 1 70
479 2 115
479 3 242
479 5 338
479 6 199
479 7 224
479 9 1036
479 10 246
479 11 537
479 13 819
479 14 367
479 16 674
479 19 477
479 20 614
479 21 795
479 27 979
479 32 1601
480 0 107
480 1 121
480 2 70
480 3 134
480 4 388
480 7 622
480 8 349
480 9 545
480 10 245
480 13 576
480 16 614
480 18 824
480 19 559
480 22 1105
480 29 681
480 32 1090
481 0 110
481 1 115
481 2 130
481 3 251
481 4 325
481 5 552
481 8 468
481 9 317
481 10 357
481 11 775
481 14 614
481 15 370
481 16 601
481 19 490
481 21 529
481 22 753
481 23 760
481 24 1013
481 25 700
481 26 541
481 31 1075
482 0 67
482 1 121
482 2 337
482 3 557
482 5 1104
482 6 232
482 7 190
482 10 357
482 12 420
482 13 493
482 15 484
482 19 847
482 20 685
482 21 572
482 26 1237
482 27 611
482 28 2561
482 29 728
482 30 921
483 0 96
483 1 68
483 2 222
483 4 200
483 5 400
483 6 321
483 7 242
483 8 336
483 9 407
483 10 492
483 14 717
483 15 2092
483 19 565
483 21 724
483 23 934
483 24 957
483 25 758
483 26 830
483 27 1053
483 29 824
484 0 81
484 1 47
484 2 496
484 3 67
484 4 192
484 6 586
484 8 263
484 11 447
484 12 331
484 17 435
484 21 481
484 23 916
484 25 1086
484 26 802
484 28 846
485 0 129
485 1 51
485 2 541
485 3 190
485 4 275
485 5 171
485 6 380
485 7 424
485 8 1999
485 10 393
485 11 441
485 12 929
485 13 429
485 14 753
485 15 600
485 16 864
485 21 701
485 25 724
485 27 781
486 0 63
486 1 86
486 3 97
486 4 128
486 5 143
486 6 478
486 8 484
486 9 370
486 11 479
486 12 324
486 13 608
486 20 1332
486 21 633
486 22 519
486 26 1145
487 0 120
487 1 98
487 2 93
487 3 380
487 4 193
487 6 224
487 7 305
487 8 277
487 9 271
487 10 379
487 15 398
487 18 430
487 19 563
487 22 801
487 25 1450
488 0 72
488 1 374
488 2 130
488 3 326
488 5 269
488 6 219
488 7 234
488 10 293
488 11 253
488 13 292
488 14 323
488 18 514
488 23 544
488 24 770
489 0 71
489 1 170
489 2 98
489 4 387
489 5 288
489 7 470
489 8 560
489 9 544
489 10 505
489 11 386
489 12 342
489 14 379
489 15 352
489 18 514
489 19 477
489 20 924
489 21 574
489 22 1165
489 23 824
490 0 101
490 1 82
490 2 86
490 3 230
490 4 144
490 5 277
490 6 183
490 7 188
490 8 443
490 9 1146
490 10 789
490 12 380
490 13 873
490 15 343
490 16 369
490 17 446
490 18 515
490 21 553
490 22 1029
491 0 101
491 1 185
491 3 83
491 4 346
491 6 192
491 7 292
491 10 260
491 12 500
491 13 370
491 14 774
491 20 910
491 21 794
492 0 80
492 1 52
492 2 60
492 3 105
492 4 165
492 5 265
492 6 211
492 7 204
492 8 731
492 9 524
492 10 459
492 11 693
492 15 436
492 16 1007
492 17 532
492 19 562
492 20 730
493 0 95
493 1 178
493 3 470
493 4 333
493 5 341
493 6 177
493 7 416
493 9 416
493 10 552
493 11 395
493 12 827
493 16 789
493 17 890
493 18 728
493 19 580
494 0 71
494 1 66
494 2 72
494 3 368
494 4 335
494 5 146
494 6 584
494 8 305
494 9 284
494 10 339
494 11 494
494 12 338
494 13 334
494 14 347
494 15 493
494 16 720
494 17 555
494 18 891
495 0 78
495 1 211
495 2 121
495 3 206
495 5 312
495 7 384
495 10 309
495 11 414
495 12 360
495 13 307
495 14 483
495 15 652
495 16 687
495 17 825
496 0 49
496 1 46
496 2 302
496 3 273
496 5 372
496 6 334
496 7 221
496 8 539
496 14 631
496 16 583
497 0 62
497 1 98
497 2 246
497 3 231
497 4 137
497 5 157
497 6 221
497 7 243
497 9 275
497 10 284
497 11 841
497 12 324
497 13 365
497 14 326
497 15 558
498 0 61
498 1 288
498 2 75
498 3 362
498 4 213
498 5 187
498 6 195
498 8 255
498 9 287
498 10 277
498 14 484
499 0 126
499 1 120
499 2 89
499 3 196
499 4 485
499 5 366
499 6 234
499 7 236
499 8 211
499 9 260
499 10 646
499 11 285
499 12 1148
499 13 446
500 0 107
500 1 74
500 2 191
500 3 603
500 5 532
500 6 203
500 7 430
500 8 542
500 9 350
500 10 630
500 11 272
500 12 403
501 0 36
501 1 327
501 2 254
501 4 239
501 5 205
501 6 218
501 7 382
501 8 255
501 9 386
501 10 242
501 11 446
502 0 78
502 1 111
502 2 137
502 3 212
502 4 217
502 5 198
502 6 200
502 7 247
502 8 429
502 10 490
503 0 84
503 1 201
503 2 293
503 3 237
503 4 141
503 6 235
503 7 204
503 8 609
503 9 372
504 0 99
504 1 186
504 2 247
504 3 140
504 4 218
504 6 208
504 7 1439
504 8 336
505 0 116
505 1 127
505 2 253
505 3 88
505 4 306
505 6 224
505 7 292
506 0 69
506 1 119
506 2 149
506 3 147
506 4 257
506 5 300
506 6 311
507 0 83
507 1 118
507 2 517
507 3 94
507 4 153
507 5 241
508 0 61
508 1 75
508 2 62
508 3 99
508 4 220
509 0 56
509 1 146
509 2 103
509 3 198
510 0 73
510 1 177
510 2 109
511 0 92
511 1 160
512 0 57
