0 0
1 4
2 8
3 1
4 4
5 4
6 4
7 5
8 1
9 5
10 5
11 5
12 5
13 5
14 6
15 6
16 6
17 6
18 6
19 6
20 7
21 7
22 7
23 15
24 4
25 7
26 7
27 8
28 8
29 8
30 8
31 8
32 8
33 8
34 9
35 9
36 9
37 9
38 5
39 7
40 10
41 10
42 10
43 10
44 10
45 10
46 9
47 11
48 11
49 11
50 11
51 11
52 11
53 1125
54 11
55 12
56 12
57 12
58 12
59 12
60 28
61 13
62 5
63 13
64 13
65 13
66 13
67 14
68 14
69 14
70 14
71 15
72 22
73 14
74 15
75 1
76 15
77 43
78 21
79 15
80 16
81 14
82 16
83 16
84 7
85 16
86 10
87 6
88 17
89 17
90 17
91 4
92 10
93 3
94 18
95 2
96 26
97 37
98 18
99 18
100 19
101 31
102 19
103 24
104 19
105 19
106 17
107 26
108 6
109 20
110 11
111 6
112 12
113 40
114 21
115 21
116 21
117 21
118 12
119 11
120 16
121 6
122 10
123 22
124 5
125 5
126 22
127 16
128 1
129 23
130 25
131 3
132 11
133 9
134 9
135 77
136 22
137 24
138 14
139 24
140 31
141 6
142 25
143 25
144 5
145 10
146 7
147 13
148 9
149 11
150 26
151 171
152 8
153 17
154 27
155 39
156 28
157 17
158 22
159 21
160 39
161 22
162 11
163 21
164 7
165 7
166 101
167 17
168 29
169 58
170 29
171 34
172 69
173 4
174 30
175 19
176 8
177 25
178 8
179 18
180 31
181 44
182 37
183 91
184 28
185 8
186 60
187 1
188 12
189 20
190 35
191 38
192 4
193 18
194 23
195 29
196 21
197 29
198 26
199 12
200 35
201 30
202 20
203 20
204 19
205 18
206 65
207 9
208 37
209 23
210 6
211 21
212 28
213 42
214 29
215 9
216 26
217 43
218 41
219 19
220 16
221 10
222 11
223 14
224 14
225 20
226 37
227 6
228 12
229 9
230 38
231 10
232 10
233 20
234 16
235 13
236 23
237 8
238 29
239 6
240 18
241 53
242 26
243 7
244 25
245 50
246 27
247 20
248 27
249 35
250 17
251 11
252 24
253 60
254 23
255 23
256 81
257 54
258 26
259 47
260 9
261 11
262 26
263 22
264 95
265 43
266 29
267 22
268 11
269 32
270 43
271 13
272 30
273 21
274 34
275 92
276 36
277 6
278 46
279 11
280 47
281 29
282 46
283 26
284 21
285 36
286 20
287 62
288 28
289 29
290 47
291 25
292 89
293 16
294 13
295 9
296 33
297 108
298 57
299 28
300 27
301 70
302 18
303 6
304 29
305 33
306 34
307 74
308 167
309 21
310 48
311 32
312 18
313 20
314 75
315 23
316 27
317 61
318 24
319 13
320 9
321 25
322 37
323 38
324 26
325 66
326 39
327 40
328 29
329 56
330 18
331 62
332 26
333 41
334 42
335 30
336 36
337 83
338 64
339 78
340 121
341 152
342 2
343 52
344 30
345 78
346 21
347 21
348 29
349 14
350 20
351 14
352 27
353 38
354 61
355 41
356 31
357 10
358 14
359 59
360 11
361 40
362 12
363 26
364 51
365 101
366 52
367 55
368 15
369 116
370 44
371 20
372 26
373 19
374 47
375 10
376 6
377 34
378 56
379 16
380 57
381 32
382 10
383 96
384 92
385 44
386 130
387 87
388 39
389 62
390 86
391 31
392 97
393 128
394 62
395 20
396 23
397 21
398 42
399 26
400 16
401 41
402 18
403 72
404 37
405 45
406 108
407 20
408 23
409 103
410 33
411 42
412 117
413 56
414 83
415 111
416 156
417 107
418 111
419 23
420 81
421 37
422 24
423 336
424 90
425 139
426 211
427 59
428 156
429 40
430 74
431 50
432 22
433 117
434 139
435 209
436 106
437 84
438 55
439 274
440 61
441 62
442 89
443 41
444 57
445 87
446 23
447 39
448 111
449 52
450 129
451 80
452 100
453 57
454 93
455 180
456 148
457 14
458 72
459 189
460 67
461 56
462 25
463 119
464 86
465 80
466 20
467 80
468 44
469 89
470 128
471 52
472 129
473 150
474 67
475 77
476 114
477 81
478 104
479 73
480 107
481 110
482 67
483 96
484 81
485 129
486 63
487 120
488 72
489 71
490 101
491 101
492 80
493 95
494 71
495 78
496 49
497 62
498 61
499 126
500 107
501 36
502 78
503 84
504 99
505 116
506 69
507 83
508 61
509 56
510 73
511 92
512 57
